0 1
1 2
2 3
3 4
4 5
5 6
7 8
8 9
9 10
10 11
11 12
13 14
14 15
15 16
16 17
17 18
18 19
20 21
21 22
22 23
23 24
24 25
26 27
27 28
28 29
29 30
30 31
31 32
33 34
34 35
35 36
36 37
37 38
39 40
40 41
41 42
42 43
43 44
44 45
46 47
47 48
48 49
49 50
50 51
52 53
53 54
54 55
55 56
56 57
57 58
59 60
60 61
61 62
62 63
63 64
65 66
66 67
67 68
68 69
69 70
70 71
72 73
73 74
74 75
75 76
76 77
78 79
79 80
80 81
81 82
82 83
83 84
0 7
1 7
1 8
2 8
2 9
3 9
3 10
4 10
4 11
5 11
5 12
6 12
7 13
7 14
8 14
8 15
9 15
9 16
10 16
10 17
11 17
11 18
12 18
12 19
13 20
14 20
14 21
15 21
15 22
16 22
16 23
17 23
17 24
18 24
18 25
19 25
20 26
20 27
21 27
21 28
22 28
22 29
23 29
23 30
24 30
24 31
25 31
25 32
26 33
27 33
27 34
28 34
28 35
29 35
29 36
30 36
30 37
31 37
31 38
32 38
33 39
33 40
34 40
34 41
35 41
35 42
36 42
36 43
37 43
37 44
38 44
38 45
39 46
40 46
40 47
41 47
41 48
42 48
42 49
43 49
43 50
44 50
44 51
45 51
46 52
46 53
47 53
47 54
48 54
48 55
49 55
49 56
50 56
50 57
51 57
51 58
52 59
53 59
53 60
54 60
54 61
55 61
55 62
56 62
56 63
57 63
57 64
58 64
59 65
59 66
60 66
60 67
61 67
61 68
62 68
62 69
63 69
63 70
64 70
64 71
65 72
66 72
66 73
67 73
67 74
68 74
68 75
69 75
69 76
70 76
70 77
71 77
72 78
72 79
73 79
73 80
74 80
74 81
75 81
75 82
76 82
76 83
77 83
77 84
