0 1 7
1 2 8
2 3 9
3 4 10
4 5 11
5 6 12
7 8 1
7 8 14
8 9 2
8 9 15
9 10 3
9 10 16
10 11 4
10 11 17
11 12 5
11 12 18
13 14 7
13 14 20
14 15 8
14 15 21
15 16 9
15 16 22
16 17 10
16 17 23
17 18 11
17 18 24
18 19 12
18 19 25
20 21 14
20 21 27
21 22 15
21 22 28
22 23 16
22 23 29
23 24 17
23 24 30
24 25 18
24 25 31
26 27 20
26 27 33
27 28 21
27 28 34
28 29 22
28 29 35
29 30 23
29 30 36
30 31 24
30 31 37
31 32 25
31 32 38
33 34 27
33 34 40
34 35 28
34 35 41
35 36 29
35 36 42
36 37 30
36 37 43
37 38 31
37 38 44
39 40 33
39 40 46
40 41 34
40 41 47
41 42 35
41 42 48
42 43 36
42 43 49
43 44 37
43 44 50
44 45 38
44 45 51
46 47 40
46 47 53
47 48 41
47 48 54
48 49 42
48 49 55
49 50 43
49 50 56
50 51 44
50 51 57
52 53 46
52 53 59
53 54 47
53 54 60
54 55 48
54 55 61
55 56 49
55 56 62
56 57 50
56 57 63
57 58 51
57 58 64
59 60 53
59 60 66
60 61 54
60 61 67
61 62 55
61 62 68
62 63 56
62 63 69
63 64 57
63 64 70
65 66 59
65 66 72
66 67 60
66 67 73
67 68 61
67 68 74
68 69 62
68 69 75
69 70 63
69 70 76
70 71 64
70 71 77
72 73 66
72 73 79
73 74 67
73 74 80
74 75 68
74 75 81
75 76 69
75 76 82
76 77 70
76 77 83
78 79 72
79 80 73
80 81 74
81 82 75
82 83 76
83 84 77
