        6931        6995        7059        7123        7187        7251
        6932        6996        7060        7124        7188        7252
        6933        6997        7061        7125        7189        7253
        6934        6998        7062        7126        7190        7254
        6935        6999        7063        7127        7191        7255
        6936        7000        7064        7128        7192        7256
        6937        7001        7065        7129        7193        7257
        6938        7002        7066        7130        7194        7258
        6939        7003        7067        7131        7195        7259
        6940        7004        7068        7132        7196        7260
        6941        7005        7069        7133        7197        7261
        6942        7006        7070        7134        7198        7262
        6943        7007        7071        7135        7199        7263
        6944        7008        7072        7136        7200        7264
        6945        7009        7073        7137        7201        7265
        6946        7010        7074        7138        7202        7266
        6947        7011        7075        7139        7203        7267
        6948        7012        7076        7140        7204        7268
        6949        7013        7077        7141        7205        7269
        6950        7014        7078        7142        7206        7270
        6951        7015        7079        7143        7207        7271
        6952        7016        7080        7144        7208        7272
        6953        7017        7081        7145        7209        7273
        6954        7018        7082        7146        7210        7274
        6955        7019        7083        7147        7211        7275
        6956        7020        7084        7148        7212        7276
        6957        7021        7085        7149        7213        7277
        6958        7022        7086        7150        7214        7278
        6959        7023        7087        7151        7215        7279
        6960        7024        7088        7152        7216        7280
        6961        7025        7089        7153        7217        7281
        6962        7026        7090        7154        7218        7282
        6963        7027        7091        7155        7219        7283
        6964        7028        7092        7156        7220        7284
        6965        7029        7093        7157        7221        7285
        6966        7030        7094        7158        7222        7286
        6967        7031        7095        7159        7223        7287
        6968        7032        7096        7160        7224        7288
        6969        7033        7097        7161        7225        7289
        6970        7034        7098        7162        7226        7290
        6971        7035        7099        7163        7227        7291
        6972        7036        7100        7164        7228        7292
        6973        7037        7101        7165        7229        7293
        6974        7038        7102        7166        7230        7294
        6975        7039        7103        7167        7231        7295
        6976        7040        7104        7168        7232        7296
        6977        7041        7105        7169        7233        7297
        6978        7042        7106        7170        7234        7298
        6979        7043        7107        7171        7235        7299
        6980        7044        7108        7172        7236        7300
        6981        7045        7109        7173        7237        7301
        6982        7046        7110        7174        7238        7302
        6983        7047        7111        7175        7239        7303
        6984        7048        7112        7176        7240        7304
        6985        7049        7113        7177        7241        7305
        6986        7050        7114        7178        7242        7306
        6987        7051        7115        7179        7243        7307
        6988        7052        7116        7180        7244        7308
        6989        7053        7117        7181        7245        7309
        6990        7054        7118        7182        7246        7310
        6991        7055        7119        7183        7247        7311
        6992        7056        7120        7184        7248        7312
        6993        7057        7121        7185        7249        7313
        6994        7058        7122        7186        7250        7314
