0 1387
1387 1388
1388 211
0 1389
1389 1390
1390 232
0 1391
1391 1392
1392 463
0 1393
1393 1394
1394 694
0 1395
1395 1396
1396 925
0 1397
1397 1398
1398 1156
1 1399
1399 1400
1400 2
1 1401
1401 1402
1402 3
1 1403
1403 1404
1404 1386
2 1405
1405 1406
1406 3
2 1407
1407 1408
1408 4
2 1409
1409 1410
1410 1386
3 1411
1411 1412
1412 5
3 1413
1413 1414
1414 6
4 1415
1415 1416
1416 5
4 1417
1417 1418
1418 7
4 1419
1419 1420
1420 1385
5 1421
1421 1422
1422 6
5 1423
1423 1424
1424 8
6 1425
1425 1426
1426 9
6 1427
1427 1428
1428 10
7 1429
1429 1430
1430 8
7 1431
1431 1432
1432 11
7 1433
1433 1434
1434 1384
8 1435
1435 1436
1436 9
8 1437
1437 1438
1438 12
9 1439
1439 1440
1440 10
9 1441
1441 1442
1442 13
10 1443
1443 1444
1444 14
10 1445
1445 1446
1446 15
11 1447
1447 1448
1448 12
11 1449
1449 1450
1450 16
11 1451
1451 1452
1452 1383
12 1453
1453 1454
1454 13
12 1455
1455 1456
1456 17
13 1457
1457 1458
1458 14
13 1459
1459 1460
1460 18
14 1461
1461 1462
1462 15
14 1463
1463 1464
1464 19
15 1465
1465 1466
1466 20
15 1467
1467 1468
1468 21
16 1469
1469 1470
1470 17
16 1471
1471 1472
1472 22
16 1473
1473 1474
1474 1382
17 1475
1475 1476
1476 18
17 1477
1477 1478
1478 23
18 1479
1479 1480
1480 19
18 1481
1481 1482
1482 24
19 1483
1483 1484
1484 20
19 1485
1485 1486
1486 25
20 1487
1487 1488
1488 21
20 1489
1489 1490
1490 26
21 1491
1491 1492
1492 27
21 1493
1493 1494
1494 28
22 1495
1495 1496
1496 23
22 1497
1497 1498
1498 29
22 1499
1499 1500
1500 1381
23 1501
1501 1502
1502 24
23 1503
1503 1504
1504 30
24 1505
1505 1506
1506 25
24 1507
1507 1508
1508 31
25 1509
1509 1510
1510 26
25 1511
1511 1512
1512 32
26 1513
1513 1514
1514 27
26 1515
1515 1516
1516 33
27 1517
1517 1518
1518 28
27 1519
1519 1520
1520 34
28 1521
1521 1522
1522 35
28 1523
1523 1524
1524 36
29 1525
1525 1526
1526 30
29 1527
1527 1528
1528 37
29 1529
1529 1530
1530 1380
30 1531
1531 1532
1532 31
30 1533
1533 1534
1534 38
31 1535
1535 1536
1536 32
31 1537
1537 1538
1538 39
32 1539
1539 1540
1540 33
32 1541
1541 1542
1542 40
33 1543
1543 1544
1544 34
33 1545
1545 1546
1546 41
34 1547
1547 1548
1548 35
34 1549
1549 1550
1550 42
35 1551
1551 1552
1552 36
35 1553
1553 1554
1554 43
36 1555
1555 1556
1556 44
36 1557
1557 1558
1558 45
37 1559
1559 1560
1560 38
37 1561
1561 1562
1562 46
37 1563
1563 1564
1564 1379
38 1565
1565 1566
1566 39
38 1567
1567 1568
1568 47
39 1569
1569 1570
1570 40
39 1571
1571 1572
1572 48
40 1573
1573 1574
1574 41
40 1575
1575 1576
1576 49
41 1577
1577 1578
1578 42
41 1579
1579 1580
1580 50
42 1581
1581 1582
1582 43
42 1583
1583 1584
1584 51
43 1585
1585 1586
1586 44
43 1587
1587 1588
1588 52
44 1589
1589 1590
1590 45
44 1591
1591 1592
1592 53
45 1593
1593 1594
1594 54
45 1595
1595 1596
1596 55
46 1597
1597 1598
1598 47
46 1599
1599 1600
1600 56
46 1601
1601 1602
1602 1378
47 1603
1603 1604
1604 48
47 1605
1605 1606
1606 57
48 1607
1607 1608
1608 49
48 1609
1609 1610
1610 58
49 1611
1611 1612
1612 50
49 1613
1613 1614
1614 59
50 1615
1615 1616
1616 51
50 1617
1617 1618
1618 60
51 1619
1619 1620
1620 52
51 1621
1621 1622
1622 61
52 1623
1623 1624
1624 53
52 1625
1625 1626
1626 62
53 1627
1627 1628
1628 54
53 1629
1629 1630
1630 63
54 1631
1631 1632
1632 55
54 1633
1633 1634
1634 64
55 1635
1635 1636
1636 65
55 1637
1637 1638
1638 66
56 1639
1639 1640
1640 57
56 1641
1641 1642
1642 67
56 1643
1643 1644
1644 1377
57 1645
1645 1646
1646 58
57 1647
1647 1648
1648 68
58 1649
1649 1650
1650 59
58 1651
1651 1652
1652 69
59 1653
1653 1654
1654 60
59 1655
1655 1656
1656 70
60 1657
1657 1658
1658 61
60 1659
1659 1660
1660 71
61 1661
1661 1662
1662 62
61 1663
1663 1664
1664 72
62 1665
1665 1666
1666 63
62 1667
1667 1668
1668 73
63 1669
1669 1670
1670 64
63 1671
1671 1672
1672 74
64 1673
1673 1674
1674 65
64 1675
1675 1676
1676 75
65 1677
1677 1678
1678 66
65 1679
1679 1680
1680 76
66 1681
1681 1682
1682 77
66 1683
1683 1684
1684 78
67 1685
1685 1686
1686 68
67 1687
1687 1688
1688 79
67 1689
1689 1690
1690 1376
68 1691
1691 1692
1692 69
68 1693
1693 1694
1694 80
69 1695
1695 1696
1696 70
69 1697
1697 1698
1698 81
70 1699
1699 1700
1700 71
70 1701
1701 1702
1702 82
71 1703
1703 1704
1704 72
71 1705
1705 1706
1706 83
72 1707
1707 1708
1708 73
72 1709
1709 1710
1710 84
73 1711
1711 1712
1712 74
73 1713
1713 1714
1714 85
74 1715
1715 1716
1716 75
74 1717
1717 1718
1718 86
75 1719
1719 1720
1720 76
75 1721
1721 1722
1722 87
76 1723
1723 1724
1724 77
76 1725
1725 1726
1726 88
77 1727
1727 1728
1728 78
77 1729
1729 1730
1730 89
78 1731
1731 1732
1732 90
78 1733
1733 1734
1734 91
79 1735
1735 1736
1736 80
79 1737
1737 1738
1738 92
79 1739
1739 1740
1740 1375
80 1741
1741 1742
1742 81
80 1743
1743 1744
1744 93
81 1745
1745 1746
1746 82
81 1747
1747 1748
1748 94
82 1749
1749 1750
1750 83
82 1751
1751 1752
1752 95
83 1753
1753 1754
1754 84
83 1755
1755 1756
1756 96
84 1757
1757 1758
1758 85
84 1759
1759 1760
1760 97
85 1761
1761 1762
1762 86
85 1763
1763 1764
1764 98
86 1765
1765 1766
1766 87
86 1767
1767 1768
1768 99
87 1769
1769 1770
1770 88
87 1771
1771 1772
1772 100
88 1773
1773 1774
1774 89
88 1775
1775 1776
1776 101
89 1777
1777 1778
1778 90
89 1779
1779 1780
1780 102
90 1781
1781 1782
1782 91
90 1783
1783 1784
1784 103
91 1785
1785 1786
1786 104
91 1787
1787 1788
1788 105
92 1789
1789 1790
1790 93
92 1791
1791 1792
1792 106
92 1793
1793 1794
1794 1374
93 1795
1795 1796
1796 94
93 1797
1797 1798
1798 107
94 1799
1799 1800
1800 95
94 1801
1801 1802
1802 108
95 1803
1803 1804
1804 96
95 1805
1805 1806
1806 109
96 1807
1807 1808
1808 97
96 1809
1809 1810
1810 110
97 1811
1811 1812
1812 98
97 1813
1813 1814
1814 111
98 1815
1815 1816
1816 99
98 1817
1817 1818
1818 112
99 1819
1819 1820
1820 100
99 1821
1821 1822
1822 113
100 1823
1823 1824
1824 101
100 1825
1825 1826
1826 114
101 1827
1827 1828
1828 102
101 1829
1829 1830
1830 115
102 1831
1831 1832
1832 103
102 1833
1833 1834
1834 116
103 1835
1835 1836
1836 104
103 1837
1837 1838
1838 117
104 1839
1839 1840
1840 105
104 1841
1841 1842
1842 118
105 1843
1843 1844
1844 119
105 1845
1845 1846
1846 120
106 1847
1847 1848
1848 107
106 1849
1849 1850
1850 121
106 1851
1851 1852
1852 1373
107 1853
1853 1854
1854 108
107 1855
1855 1856
1856 122
108 1857
1857 1858
1858 109
108 1859
1859 1860
1860 123
109 1861
1861 1862
1862 110
109 1863
1863 1864
1864 124
110 1865
1865 1866
1866 111
110 1867
1867 1868
1868 125
111 1869
1869 1870
1870 112
111 1871
1871 1872
1872 126
112 1873
1873 1874
1874 113
112 1875
1875 1876
1876 127
113 1877
1877 1878
1878 114
113 1879
1879 1880
1880 128
114 1881
1881 1882
1882 115
114 1883
1883 1884
1884 129
115 1885
1885 1886
1886 116
115 1887
1887 1888
1888 130
116 1889
1889 1890
1890 117
116 1891
1891 1892
1892 131
117 1893
1893 1894
1894 118
117 1895
1895 1896
1896 132
118 1897
1897 1898
1898 119
118 1899
1899 1900
1900 133
119 1901
1901 1902
1902 120
119 1903
1903 1904
1904 134
120 1905
1905 1906
1906 135
120 1907
1907 1908
1908 136
121 1909
1909 1910
1910 122
121 1911
1911 1912
1912 137
121 1913
1913 1914
1914 1372
122 1915
1915 1916
1916 123
122 1917
1917 1918
1918 138
123 1919
1919 1920
1920 124
123 1921
1921 1922
1922 139
124 1923
1923 1924
1924 125
124 1925
1925 1926
1926 140
125 1927
1927 1928
1928 126
125 1929
1929 1930
1930 141
126 1931
1931 1932
1932 127
126 1933
1933 1934
1934 142
127 1935
1935 1936
1936 128
127 1937
1937 1938
1938 143
128 1939
1939 1940
1940 129
128 1941
1941 1942
1942 144
129 1943
1943 1944
1944 130
129 1945
1945 1946
1946 145
130 1947
1947 1948
1948 131
130 1949
1949 1950
1950 146
131 1951
1951 1952
1952 132
131 1953
1953 1954
1954 147
132 1955
1955 1956
1956 133
132 1957
1957 1958
1958 148
133 1959
1959 1960
1960 134
133 1961
1961 1962
1962 149
134 1963
1963 1964
1964 135
134 1965
1965 1966
1966 150
135 1967
1967 1968
1968 136
135 1969
1969 1970
1970 151
136 1971
1971 1972
1972 152
136 1973
1973 1974
1974 153
137 1975
1975 1976
1976 138
137 1977
1977 1978
1978 154
137 1979
1979 1980
1980 1371
138 1981
1981 1982
1982 139
138 1983
1983 1984
1984 155
139 1985
1985 1986
1986 140
139 1987
1987 1988
1988 156
140 1989
1989 1990
1990 141
140 1991
1991 1992
1992 157
141 1993
1993 1994
1994 142
141 1995
1995 1996
1996 158
142 1997
1997 1998
1998 143
142 1999
1999 2000
2000 159
143 2001
2001 2002
2002 144
143 2003
2003 2004
2004 160
144 2005
2005 2006
2006 145
144 2007
2007 2008
2008 161
145 2009
2009 2010
2010 146
145 2011
2011 2012
2012 162
146 2013
2013 2014
2014 147
146 2015
2015 2016
2016 163
147 2017
2017 2018
2018 148
147 2019
2019 2020
2020 164
148 2021
2021 2022
2022 149
148 2023
2023 2024
2024 165
149 2025
2025 2026
2026 150
149 2027
2027 2028
2028 166
150 2029
2029 2030
2030 151
150 2031
2031 2032
2032 167
151 2033
2033 2034
2034 152
151 2035
2035 2036
2036 168
152 2037
2037 2038
2038 153
152 2039
2039 2040
2040 169
153 2041
2041 2042
2042 170
153 2043
2043 2044
2044 171
154 2045
2045 2046
2046 155
154 2047
2047 2048
2048 172
154 2049
2049 2050
2050 1370
155 2051
2051 2052
2052 156
155 2053
2053 2054
2054 173
156 2055
2055 2056
2056 157
156 2057
2057 2058
2058 174
157 2059
2059 2060
2060 158
157 2061
2061 2062
2062 175
158 2063
2063 2064
2064 159
158 2065
2065 2066
2066 176
159 2067
2067 2068
2068 160
159 2069
2069 2070
2070 177
160 2071
2071 2072
2072 161
160 2073
2073 2074
2074 178
161 2075
2075 2076
2076 162
161 2077
2077 2078
2078 179
162 2079
2079 2080
2080 163
162 2081
2081 2082
2082 180
163 2083
2083 2084
2084 164
163 2085
2085 2086
2086 181
164 2087
2087 2088
2088 165
164 2089
2089 2090
2090 182
165 2091
2091 2092
2092 166
165 2093
2093 2094
2094 183
166 2095
2095 2096
2096 167
166 2097
2097 2098
2098 184
167 2099
2099 2100
2100 168
167 2101
2101 2102
2102 185
168 2103
2103 2104
2104 169
168 2105
2105 2106
2106 186
169 2107
2107 2108
2108 170
169 2109
2109 2110
2110 187
170 2111
2111 2112
2112 171
170 2113
2113 2114
2114 188
171 2115
2115 2116
2116 189
171 2117
2117 2118
2118 190
172 2119
2119 2120
2120 173
172 2121
2121 2122
2122 191
172 2123
2123 2124
2124 1369
173 2125
2125 2126
2126 174
173 2127
2127 2128
2128 192
174 2129
2129 2130
2130 175
174 2131
2131 2132
2132 193
175 2133
2133 2134
2134 176
175 2135
2135 2136
2136 194
176 2137
2137 2138
2138 177
176 2139
2139 2140
2140 195
177 2141
2141 2142
2142 178
177 2143
2143 2144
2144 196
178 2145
2145 2146
2146 179
178 2147
2147 2148
2148 197
179 2149
2149 2150
2150 180
179 2151
2151 2152
2152 198
180 2153
2153 2154
2154 181
180 2155
2155 2156
2156 199
181 2157
2157 2158
2158 182
181 2159
2159 2160
2160 200
182 2161
2161 2162
2162 183
182 2163
2163 2164
2164 201
183 2165
2165 2166
2166 184
183 2167
2167 2168
2168 202
184 2169
2169 2170
2170 185
184 2171
2171 2172
2172 203
185 2173
2173 2174
2174 186
185 2175
2175 2176
2176 204
186 2177
2177 2178
2178 187
186 2179
2179 2180
2180 205
187 2181
2181 2182
2182 188
187 2183
2183 2184
2184 206
188 2185
2185 2186
2186 189
188 2187
2187 2188
2188 207
189 2189
2189 2190
2190 190
189 2191
2191 2192
2192 208
190 2193
2193 2194
2194 209
190 2195
2195 2196
2196 210
191 2197
2197 2198
2198 192
191 2199
2199 2200
2200 211
191 2201
2201 2202
2202 1368
192 2203
2203 2204
2204 193
192 2205
2205 2206
2206 212
193 2207
2207 2208
2208 194
193 2209
2209 2210
2210 213
194 2211
2211 2212
2212 195
194 2213
2213 2214
2214 214
195 2215
2215 2216
2216 196
195 2217
2217 2218
2218 215
196 2219
2219 2220
2220 197
196 2221
2221 2222
2222 216
197 2223
2223 2224
2224 198
197 2225
2225 2226
2226 217
198 2227
2227 2228
2228 199
198 2229
2229 2230
2230 218
199 2231
2231 2232
2232 200
199 2233
2233 2234
2234 219
200 2235
2235 2236
2236 201
200 2237
2237 2238
2238 220
201 2239
2239 2240
2240 202
201 2241
2241 2242
2242 221
202 2243
2243 2244
2244 203
202 2245
2245 2246
2246 222
203 2247
2247 2248
2248 204
203 2249
2249 2250
2250 223
204 2251
2251 2252
2252 205
204 2253
2253 2254
2254 224
205 2255
2255 2256
2256 206
205 2257
2257 2258
2258 225
206 2259
2259 2260
2260 207
206 2261
2261 2262
2262 226
207 2263
2263 2264
2264 208
207 2265
2265 2266
2266 227
208 2267
2267 2268
2268 209
208 2269
2269 2270
2270 228
209 2271
2271 2272
2272 210
209 2273
2273 2274
2274 229
210 2275
2275 2276
2276 230
210 2277
2277 2278
2278 231
211 2279
2279 2280
2280 212
211 2281
2281 2282
2282 1367
212 2283
2283 2284
2284 213
212 2285
2285 2286
2286 232
213 2287
2287 2288
2288 214
213 2289
2289 2290
2290 233
214 2291
2291 2292
2292 215
214 2293
2293 2294
2294 234
215 2295
2295 2296
2296 216
215 2297
2297 2298
2298 235
216 2299
2299 2300
2300 217
216 2301
2301 2302
2302 236
217 2303
2303 2304
2304 218
217 2305
2305 2306
2306 237
218 2307
2307 2308
2308 219
218 2309
2309 2310
2310 238
219 2311
2311 2312
2312 220
219 2313
2313 2314
2314 239
220 2315
2315 2316
2316 221
220 2317
2317 2318
2318 240
221 2319
2319 2320
2320 222
221 2321
2321 2322
2322 241
222 2323
2323 2324
2324 223
222 2325
2325 2326
2326 242
223 2327
2327 2328
2328 224
223 2329
2329 2330
2330 243
224 2331
2331 2332
2332 225
224 2333
2333 2334
2334 244
225 2335
2335 2336
2336 226
225 2337
2337 2338
2338 245
226 2339
2339 2340
2340 227
226 2341
2341 2342
2342 246
227 2343
2343 2344
2344 228
227 2345
2345 2346
2346 247
228 2347
2347 2348
2348 229
228 2349
2349 2350
2350 248
229 2351
2351 2352
2352 230
229 2353
2353 2354
2354 249
230 2355
2355 2356
2356 231
230 2357
2357 2358
2358 250
231 2359
2359 2360
2360 251
231 2361
2361 2362
2362 252
232 2363
2363 2364
2364 233
232 2365
2365 2366
2366 443
233 2367
2367 2368
2368 234
233 2369
2369 2370
2370 424
234 2371
2371 2372
2372 235
234 2373
2373 2374
2374 406
235 2375
2375 2376
2376 236
235 2377
2377 2378
2378 389
236 2379
2379 2380
2380 237
236 2381
2381 2382
2382 373
237 2383
2383 2384
2384 238
237 2385
2385 2386
2386 358
238 2387
2387 2388
2388 239
238 2389
2389 2390
2390 344
239 2391
2391 2392
2392 240
239 2393
2393 2394
2394 331
240 2395
2395 2396
2396 241
240 2397
2397 2398
2398 319
241 2399
2399 2400
2400 242
241 2401
2401 2402
2402 308
242 2403
2403 2404
2404 243
242 2405
2405 2406
2406 298
243 2407
2407 2408
2408 244
243 2409
2409 2410
2410 289
244 2411
2411 2412
2412 245
244 2413
2413 2414
2414 281
245 2415
2415 2416
2416 246
245 2417
2417 2418
2418 274
246 2419
2419 2420
2420 247
246 2421
2421 2422
2422 268
247 2423
2423 2424
2424 248
247 2425
2425 2426
2426 263
248 2427
2427 2428
2428 249
248 2429
2429 2430
2430 259
249 2431
2431 2432
2432 250
249 2433
2433 2434
2434 256
250 2435
2435 2436
2436 251
250 2437
2437 2438
2438 254
251 2439
2439 2440
2440 252
251 2441
2441 2442
2442 253
252 2443
2443 2444
2444 253
253 2445
2445 2446
2446 254
253 2447
2447 2448
2448 255
254 2449
2449 2450
2450 255
254 2451
2451 2452
2452 256
255 2453
2453 2454
2454 257
255 2455
2455 2456
2456 258
256 2457
2457 2458
2458 257
256 2459
2459 2460
2460 259
257 2461
2461 2462
2462 258
257 2463
2463 2464
2464 260
258 2465
2465 2466
2466 261
258 2467
2467 2468
2468 262
259 2469
2469 2470
2470 260
259 2471
2471 2472
2472 263
260 2473
2473 2474
2474 261
260 2475
2475 2476
2476 264
261 2477
2477 2478
2478 262
261 2479
2479 2480
2480 265
262 2481
2481 2482
2482 266
262 2483
2483 2484
2484 267
263 2485
2485 2486
2486 264
263 2487
2487 2488
2488 268
264 2489
2489 2490
2490 265
264 2491
2491 2492
2492 269
265 2493
2493 2494
2494 266
265 2495
2495 2496
2496 270
266 2497
2497 2498
2498 267
266 2499
2499 2500
2500 271
267 2501
2501 2502
2502 272
267 2503
2503 2504
2504 273
268 2505
2505 2506
2506 269
268 2507
2507 2508
2508 274
269 2509
2509 2510
2510 270
269 2511
2511 2512
2512 275
270 2513
2513 2514
2514 271
270 2515
2515 2516
2516 276
271 2517
2517 2518
2518 272
271 2519
2519 2520
2520 277
272 2521
2521 2522
2522 273
272 2523
2523 2524
2524 278
273 2525
2525 2526
2526 279
273 2527
2527 2528
2528 280
274 2529
2529 2530
2530 275
274 2531
2531 2532
2532 281
275 2533
2533 2534
2534 276
275 2535
2535 2536
2536 282
276 2537
2537 2538
2538 277
276 2539
2539 2540
2540 283
277 2541
2541 2542
2542 278
277 2543
2543 2544
2544 284
278 2545
2545 2546
2546 279
278 2547
2547 2548
2548 285
279 2549
2549 2550
2550 280
279 2551
2551 2552
2552 286
280 2553
2553 2554
2554 287
280 2555
2555 2556
2556 288
281 2557
2557 2558
2558 282
281 2559
2559 2560
2560 289
282 2561
2561 2562
2562 283
282 2563
2563 2564
2564 290
283 2565
2565 2566
2566 284
283 2567
2567 2568
2568 291
284 2569
2569 2570
2570 285
284 2571
2571 2572
2572 292
285 2573
2573 2574
2574 286
285 2575
2575 2576
2576 293
286 2577
2577 2578
2578 287
286 2579
2579 2580
2580 294
287 2581
2581 2582
2582 288
287 2583
2583 2584
2584 295
288 2585
2585 2586
2586 296
288 2587
2587 2588
2588 297
289 2589
2589 2590
2590 290
289 2591
2591 2592
2592 298
290 2593
2593 2594
2594 291
290 2595
2595 2596
2596 299
291 2597
2597 2598
2598 292
291 2599
2599 2600
2600 300
292 2601
2601 2602
2602 293
292 2603
2603 2604
2604 301
293 2605
2605 2606
2606 294
293 2607
2607 2608
2608 302
294 2609
2609 2610
2610 295
294 2611
2611 2612
2612 303
295 2613
2613 2614
2614 296
295 2615
2615 2616
2616 304
296 2617
2617 2618
2618 297
296 2619
2619 2620
2620 305
297 2621
2621 2622
2622 306
297 2623
2623 2624
2624 307
298 2625
2625 2626
2626 299
298 2627
2627 2628
2628 308
299 2629
2629 2630
2630 300
299 2631
2631 2632
2632 309
300 2633
2633 2634
2634 301
300 2635
2635 2636
2636 310
301 2637
2637 2638
2638 302
301 2639
2639 2640
2640 311
302 2641
2641 2642
2642 303
302 2643
2643 2644
2644 312
303 2645
2645 2646
2646 304
303 2647
2647 2648
2648 313
304 2649
2649 2650
2650 305
304 2651
2651 2652
2652 314
305 2653
2653 2654
2654 306
305 2655
2655 2656
2656 315
306 2657
2657 2658
2658 307
306 2659
2659 2660
2660 316
307 2661
2661 2662
2662 317
307 2663
2663 2664
2664 318
308 2665
2665 2666
2666 309
308 2667
2667 2668
2668 319
309 2669
2669 2670
2670 310
309 2671
2671 2672
2672 320
310 2673
2673 2674
2674 311
310 2675
2675 2676
2676 321
311 2677
2677 2678
2678 312
311 2679
2679 2680
2680 322
312 2681
2681 2682
2682 313
312 2683
2683 2684
2684 323
313 2685
2685 2686
2686 314
313 2687
2687 2688
2688 324
314 2689
2689 2690
2690 315
314 2691
2691 2692
2692 325
315 2693
2693 2694
2694 316
315 2695
2695 2696
2696 326
316 2697
2697 2698
2698 317
316 2699
2699 2700
2700 327
317 2701
2701 2702
2702 318
317 2703
2703 2704
2704 328
318 2705
2705 2706
2706 329
318 2707
2707 2708
2708 330
319 2709
2709 2710
2710 320
319 2711
2711 2712
2712 331
320 2713
2713 2714
2714 321
320 2715
2715 2716
2716 332
321 2717
2717 2718
2718 322
321 2719
2719 2720
2720 333
322 2721
2721 2722
2722 323
322 2723
2723 2724
2724 334
323 2725
2725 2726
2726 324
323 2727
2727 2728
2728 335
324 2729
2729 2730
2730 325
324 2731
2731 2732
2732 336
325 2733
2733 2734
2734 326
325 2735
2735 2736
2736 337
326 2737
2737 2738
2738 327
326 2739
2739 2740
2740 338
327 2741
2741 2742
2742 328
327 2743
2743 2744
2744 339
328 2745
2745 2746
2746 329
328 2747
2747 2748
2748 340
329 2749
2749 2750
2750 330
329 2751
2751 2752
2752 341
330 2753
2753 2754
2754 342
330 2755
2755 2756
2756 343
331 2757
2757 2758
2758 332
331 2759
2759 2760
2760 344
332 2761
2761 2762
2762 333
332 2763
2763 2764
2764 345
333 2765
2765 2766
2766 334
333 2767
2767 2768
2768 346
334 2769
2769 2770
2770 335
334 2771
2771 2772
2772 347
335 2773
2773 2774
2774 336
335 2775
2775 2776
2776 348
336 2777
2777 2778
2778 337
336 2779
2779 2780
2780 349
337 2781
2781 2782
2782 338
337 2783
2783 2784
2784 350
338 2785
2785 2786
2786 339
338 2787
2787 2788
2788 351
339 2789
2789 2790
2790 340
339 2791
2791 2792
2792 352
340 2793
2793 2794
2794 341
340 2795
2795 2796
2796 353
341 2797
2797 2798
2798 342
341 2799
2799 2800
2800 354
342 2801
2801 2802
2802 343
342 2803
2803 2804
2804 355
343 2805
2805 2806
2806 356
343 2807
2807 2808
2808 357
344 2809
2809 2810
2810 345
344 2811
2811 2812
2812 358
345 2813
2813 2814
2814 346
345 2815
2815 2816
2816 359
346 2817
2817 2818
2818 347
346 2819
2819 2820
2820 360
347 2821
2821 2822
2822 348
347 2823
2823 2824
2824 361
348 2825
2825 2826
2826 349
348 2827
2827 2828
2828 362
349 2829
2829 2830
2830 350
349 2831
2831 2832
2832 363
350 2833
2833 2834
2834 351
350 2835
2835 2836
2836 364
351 2837
2837 2838
2838 352
351 2839
2839 2840
2840 365
352 2841
2841 2842
2842 353
352 2843
2843 2844
2844 366
353 2845
2845 2846
2846 354
353 2847
2847 2848
2848 367
354 2849
2849 2850
2850 355
354 2851
2851 2852
2852 368
355 2853
2853 2854
2854 356
355 2855
2855 2856
2856 369
356 2857
2857 2858
2858 357
356 2859
2859 2860
2860 370
357 2861
2861 2862
2862 371
357 2863
2863 2864
2864 372
358 2865
2865 2866
2866 359
358 2867
2867 2868
2868 373
359 2869
2869 2870
2870 360
359 2871
2871 2872
2872 374
360 2873
2873 2874
2874 361
360 2875
2875 2876
2876 375
361 2877
2877 2878
2878 362
361 2879
2879 2880
2880 376
362 2881
2881 2882
2882 363
362 2883
2883 2884
2884 377
363 2885
2885 2886
2886 364
363 2887
2887 2888
2888 378
364 2889
2889 2890
2890 365
364 2891
2891 2892
2892 379
365 2893
2893 2894
2894 366
365 2895
2895 2896
2896 380
366 2897
2897 2898
2898 367
366 2899
2899 2900
2900 381
367 2901
2901 2902
2902 368
367 2903
2903 2904
2904 382
368 2905
2905 2906
2906 369
368 2907
2907 2908
2908 383
369 2909
2909 2910
2910 370
369 2911
2911 2912
2912 384
370 2913
2913 2914
2914 371
370 2915
2915 2916
2916 385
371 2917
2917 2918
2918 372
371 2919
2919 2920
2920 386
372 2921
2921 2922
2922 387
372 2923
2923 2924
2924 388
373 2925
2925 2926
2926 374
373 2927
2927 2928
2928 389
374 2929
2929 2930
2930 375
374 2931
2931 2932
2932 390
375 2933
2933 2934
2934 376
375 2935
2935 2936
2936 391
376 2937
2937 2938
2938 377
376 2939
2939 2940
2940 392
377 2941
2941 2942
2942 378
377 2943
2943 2944
2944 393
378 2945
2945 2946
2946 379
378 2947
2947 2948
2948 394
379 2949
2949 2950
2950 380
379 2951
2951 2952
2952 395
380 2953
2953 2954
2954 381
380 2955
2955 2956
2956 396
381 2957
2957 2958
2958 382
381 2959
2959 2960
2960 397
382 2961
2961 2962
2962 383
382 2963
2963 2964
2964 398
383 2965
2965 2966
2966 384
383 2967
2967 2968
2968 399
384 2969
2969 2970
2970 385
384 2971
2971 2972
2972 400
385 2973
2973 2974
2974 386
385 2975
2975 2976
2976 401
386 2977
2977 2978
2978 387
386 2979
2979 2980
2980 402
387 2981
2981 2982
2982 388
387 2983
2983 2984
2984 403
388 2985
2985 2986
2986 404
388 2987
2987 2988
2988 405
389 2989
2989 2990
2990 390
389 2991
2991 2992
2992 406
390 2993
2993 2994
2994 391
390 2995
2995 2996
2996 407
391 2997
2997 2998
2998 392
391 2999
2999 3000
3000 408
392 3001
3001 3002
3002 393
392 3003
3003 3004
3004 409
393 3005
3005 3006
3006 394
393 3007
3007 3008
3008 410
394 3009
3009 3010
3010 395
394 3011
3011 3012
3012 411
395 3013
3013 3014
3014 396
395 3015
3015 3016
3016 412
396 3017
3017 3018
3018 397
396 3019
3019 3020
3020 413
397 3021
3021 3022
3022 398
397 3023
3023 3024
3024 414
398 3025
3025 3026
3026 399
398 3027
3027 3028
3028 415
399 3029
3029 3030
3030 400
399 3031
3031 3032
3032 416
400 3033
3033 3034
3034 401
400 3035
3035 3036
3036 417
401 3037
3037 3038
3038 402
401 3039
3039 3040
3040 418
402 3041
3041 3042
3042 403
402 3043
3043 3044
3044 419
403 3045
3045 3046
3046 404
403 3047
3047 3048
3048 420
404 3049
3049 3050
3050 405
404 3051
3051 3052
3052 421
405 3053
3053 3054
3054 422
405 3055
3055 3056
3056 423
406 3057
3057 3058
3058 407
406 3059
3059 3060
3060 424
407 3061
3061 3062
3062 408
407 3063
3063 3064
3064 425
408 3065
3065 3066
3066 409
408 3067
3067 3068
3068 426
409 3069
3069 3070
3070 410
409 3071
3071 3072
3072 427
410 3073
3073 3074
3074 411
410 3075
3075 3076
3076 428
411 3077
3077 3078
3078 412
411 3079
3079 3080
3080 429
412 3081
3081 3082
3082 413
412 3083
3083 3084
3084 430
413 3085
3085 3086
3086 414
413 3087
3087 3088
3088 431
414 3089
3089 3090
3090 415
414 3091
3091 3092
3092 432
415 3093
3093 3094
3094 416
415 3095
3095 3096
3096 433
416 3097
3097 3098
3098 417
416 3099
3099 3100
3100 434
417 3101
3101 3102
3102 418
417 3103
3103 3104
3104 435
418 3105
3105 3106
3106 419
418 3107
3107 3108
3108 436
419 3109
3109 3110
3110 420
419 3111
3111 3112
3112 437
420 3113
3113 3114
3114 421
420 3115
3115 3116
3116 438
421 3117
3117 3118
3118 422
421 3119
3119 3120
3120 439
422 3121
3121 3122
3122 423
422 3123
3123 3124
3124 440
423 3125
3125 3126
3126 441
423 3127
3127 3128
3128 442
424 3129
3129 3130
3130 425
424 3131
3131 3132
3132 443
425 3133
3133 3134
3134 426
425 3135
3135 3136
3136 444
426 3137
3137 3138
3138 427
426 3139
3139 3140
3140 445
427 3141
3141 3142
3142 428
427 3143
3143 3144
3144 446
428 3145
3145 3146
3146 429
428 3147
3147 3148
3148 447
429 3149
3149 3150
3150 430
429 3151
3151 3152
3152 448
430 3153
3153 3154
3154 431
430 3155
3155 3156
3156 449
431 3157
3157 3158
3158 432
431 3159
3159 3160
3160 450
432 3161
3161 3162
3162 433
432 3163
3163 3164
3164 451
433 3165
3165 3166
3166 434
433 3167
3167 3168
3168 452
434 3169
3169 3170
3170 435
434 3171
3171 3172
3172 453
435 3173
3173 3174
3174 436
435 3175
3175 3176
3176 454
436 3177
3177 3178
3178 437
436 3179
3179 3180
3180 455
437 3181
3181 3182
3182 438
437 3183
3183 3184
3184 456
438 3185
3185 3186
3186 439
438 3187
3187 3188
3188 457
439 3189
3189 3190
3190 440
439 3191
3191 3192
3192 458
440 3193
3193 3194
3194 441
440 3195
3195 3196
3196 459
441 3197
3197 3198
3198 442
441 3199
3199 3200
3200 460
442 3201
3201 3202
3202 461
442 3203
3203 3204
3204 462
443 3205
3205 3206
3206 444
443 3207
3207 3208
3208 463
444 3209
3209 3210
3210 445
444 3211
3211 3212
3212 464
445 3213
3213 3214
3214 446
445 3215
3215 3216
3216 465
446 3217
3217 3218
3218 447
446 3219
3219 3220
3220 466
447 3221
3221 3222
3222 448
447 3223
3223 3224
3224 467
448 3225
3225 3226
3226 449
448 3227
3227 3228
3228 468
449 3229
3229 3230
3230 450
449 3231
3231 3232
3232 469
450 3233
3233 3234
3234 451
450 3235
3235 3236
3236 470
451 3237
3237 3238
3238 452
451 3239
3239 3240
3240 471
452 3241
3241 3242
3242 453
452 3243
3243 3244
3244 472
453 3245
3245 3246
3246 454
453 3247
3247 3248
3248 473
454 3249
3249 3250
3250 455
454 3251
3251 3252
3252 474
455 3253
3253 3254
3254 456
455 3255
3255 3256
3256 475
456 3257
3257 3258
3258 457
456 3259
3259 3260
3260 476
457 3261
3261 3262
3262 458
457 3263
3263 3264
3264 477
458 3265
3265 3266
3266 459
458 3267
3267 3268
3268 478
459 3269
3269 3270
3270 460
459 3271
3271 3272
3272 479
460 3273
3273 3274
3274 461
460 3275
3275 3276
3276 480
461 3277
3277 3278
3278 462
461 3279
3279 3280
3280 481
462 3281
3281 3282
3282 482
462 3283
3283 3284
3284 483
463 3285
3285 3286
3286 464
463 3287
3287 3288
3288 674
464 3289
3289 3290
3290 465
464 3291
3291 3292
3292 655
465 3293
3293 3294
3294 466
465 3295
3295 3296
3296 637
466 3297
3297 3298
3298 467
466 3299
3299 3300
3300 620
467 3301
3301 3302
3302 468
467 3303
3303 3304
3304 604
468 3305
3305 3306
3306 469
468 3307
3307 3308
3308 589
469 3309
3309 3310
3310 470
469 3311
3311 3312
3312 575
470 3313
3313 3314
3314 471
470 3315
3315 3316
3316 562
471 3317
3317 3318
3318 472
471 3319
3319 3320
3320 550
472 3321
3321 3322
3322 473
472 3323
3323 3324
3324 539
473 3325
3325 3326
3326 474
473 3327
3327 3328
3328 529
474 3329
3329 3330
3330 475
474 3331
3331 3332
3332 520
475 3333
3333 3334
3334 476
475 3335
3335 3336
3336 512
476 3337
3337 3338
3338 477
476 3339
3339 3340
3340 505
477 3341
3341 3342
3342 478
477 3343
3343 3344
3344 499
478 3345
3345 3346
3346 479
478 3347
3347 3348
3348 494
479 3349
3349 3350
3350 480
479 3351
3351 3352
3352 490
480 3353
3353 3354
3354 481
480 3355
3355 3356
3356 487
481 3357
3357 3358
3358 482
481 3359
3359 3360
3360 485
482 3361
3361 3362
3362 483
482 3363
3363 3364
3364 484
483 3365
3365 3366
3366 484
484 3367
3367 3368
3368 485
484 3369
3369 3370
3370 486
485 3371
3371 3372
3372 486
485 3373
3373 3374
3374 487
486 3375
3375 3376
3376 488
486 3377
3377 3378
3378 489
487 3379
3379 3380
3380 488
487 3381
3381 3382
3382 490
488 3383
3383 3384
3384 489
488 3385
3385 3386
3386 491
489 3387
3387 3388
3388 492
489 3389
3389 3390
3390 493
490 3391
3391 3392
3392 491
490 3393
3393 3394
3394 494
491 3395
3395 3396
3396 492
491 3397
3397 3398
3398 495
492 3399
3399 3400
3400 493
492 3401
3401 3402
3402 496
493 3403
3403 3404
3404 497
493 3405
3405 3406
3406 498
494 3407
3407 3408
3408 495
494 3409
3409 3410
3410 499
495 3411
3411 3412
3412 496
495 3413
3413 3414
3414 500
496 3415
3415 3416
3416 497
496 3417
3417 3418
3418 501
497 3419
3419 3420
3420 498
497 3421
3421 3422
3422 502
498 3423
3423 3424
3424 503
498 3425
3425 3426
3426 504
499 3427
3427 3428
3428 500
499 3429
3429 3430
3430 505
500 3431
3431 3432
3432 501
500 3433
3433 3434
3434 506
501 3435
3435 3436
3436 502
501 3437
3437 3438
3438 507
502 3439
3439 3440
3440 503
502 3441
3441 3442
3442 508
503 3443
3443 3444
3444 504
503 3445
3445 3446
3446 509
504 3447
3447 3448
3448 510
504 3449
3449 3450
3450 511
505 3451
3451 3452
3452 506
505 3453
3453 3454
3454 512
506 3455
3455 3456
3456 507
506 3457
3457 3458
3458 513
507 3459
3459 3460
3460 508
507 3461
3461 3462
3462 514
508 3463
3463 3464
3464 509
508 3465
3465 3466
3466 515
509 3467
3467 3468
3468 510
509 3469
3469 3470
3470 516
510 3471
3471 3472
3472 511
510 3473
3473 3474
3474 517
511 3475
3475 3476
3476 518
511 3477
3477 3478
3478 519
512 3479
3479 3480
3480 513
512 3481
3481 3482
3482 520
513 3483
3483 3484
3484 514
513 3485
3485 3486
3486 521
514 3487
3487 3488
3488 515
514 3489
3489 3490
3490 522
515 3491
3491 3492
3492 516
515 3493
3493 3494
3494 523
516 3495
3495 3496
3496 517
516 3497
3497 3498
3498 524
517 3499
3499 3500
3500 518
517 3501
3501 3502
3502 525
518 3503
3503 3504
3504 519
518 3505
3505 3506
3506 526
519 3507
3507 3508
3508 527
519 3509
3509 3510
3510 528
520 3511
3511 3512
3512 521
520 3513
3513 3514
3514 529
521 3515
3515 3516
3516 522
521 3517
3517 3518
3518 530
522 3519
3519 3520
3520 523
522 3521
3521 3522
3522 531
523 3523
3523 3524
3524 524
523 3525
3525 3526
3526 532
524 3527
3527 3528
3528 525
524 3529
3529 3530
3530 533
525 3531
3531 3532
3532 526
525 3533
3533 3534
3534 534
526 3535
3535 3536
3536 527
526 3537
3537 3538
3538 535
527 3539
3539 3540
3540 528
527 3541
3541 3542
3542 536
528 3543
3543 3544
3544 537
528 3545
3545 3546
3546 538
529 3547
3547 3548
3548 530
529 3549
3549 3550
3550 539
530 3551
3551 3552
3552 531
530 3553
3553 3554
3554 540
531 3555
3555 3556
3556 532
531 3557
3557 3558
3558 541
532 3559
3559 3560
3560 533
532 3561
3561 3562
3562 542
533 3563
3563 3564
3564 534
533 3565
3565 3566
3566 543
534 3567
3567 3568
3568 535
534 3569
3569 3570
3570 544
535 3571
3571 3572
3572 536
535 3573
3573 3574
3574 545
536 3575
3575 3576
3576 537
536 3577
3577 3578
3578 546
537 3579
3579 3580
3580 538
537 3581
3581 3582
3582 547
538 3583
3583 3584
3584 548
538 3585
3585 3586
3586 549
539 3587
3587 3588
3588 540
539 3589
3589 3590
3590 550
540 3591
3591 3592
3592 541
540 3593
3593 3594
3594 551
541 3595
3595 3596
3596 542
541 3597
3597 3598
3598 552
542 3599
3599 3600
3600 543
542 3601
3601 3602
3602 553
543 3603
3603 3604
3604 544
543 3605
3605 3606
3606 554
544 3607
3607 3608
3608 545
544 3609
3609 3610
3610 555
545 3611
3611 3612
3612 546
545 3613
3613 3614
3614 556
546 3615
3615 3616
3616 547
546 3617
3617 3618
3618 557
547 3619
3619 3620
3620 548
547 3621
3621 3622
3622 558
548 3623
3623 3624
3624 549
548 3625
3625 3626
3626 559
549 3627
3627 3628
3628 560
549 3629
3629 3630
3630 561
550 3631
3631 3632
3632 551
550 3633
3633 3634
3634 562
551 3635
3635 3636
3636 552
551 3637
3637 3638
3638 563
552 3639
3639 3640
3640 553
552 3641
3641 3642
3642 564
553 3643
3643 3644
3644 554
553 3645
3645 3646
3646 565
554 3647
3647 3648
3648 555
554 3649
3649 3650
3650 566
555 3651
3651 3652
3652 556
555 3653
3653 3654
3654 567
556 3655
3655 3656
3656 557
556 3657
3657 3658
3658 568
557 3659
3659 3660
3660 558
557 3661
3661 3662
3662 569
558 3663
3663 3664
3664 559
558 3665
3665 3666
3666 570
559 3667
3667 3668
3668 560
559 3669
3669 3670
3670 571
560 3671
3671 3672
3672 561
560 3673
3673 3674
3674 572
561 3675
3675 3676
3676 573
561 3677
3677 3678
3678 574
562 3679
3679 3680
3680 563
562 3681
3681 3682
3682 575
563 3683
3683 3684
3684 564
563 3685
3685 3686
3686 576
564 3687
3687 3688
3688 565
564 3689
3689 3690
3690 577
565 3691
3691 3692
3692 566
565 3693
3693 3694
3694 578
566 3695
3695 3696
3696 567
566 3697
3697 3698
3698 579
567 3699
3699 3700
3700 568
567 3701
3701 3702
3702 580
568 3703
3703 3704
3704 569
568 3705
3705 3706
3706 581
569 3707
3707 3708
3708 570
569 3709
3709 3710
3710 582
570 3711
3711 3712
3712 571
570 3713
3713 3714
3714 583
571 3715
3715 3716
3716 572
571 3717
3717 3718
3718 584
572 3719
3719 3720
3720 573
572 3721
3721 3722
3722 585
573 3723
3723 3724
3724 574
573 3725
3725 3726
3726 586
574 3727
3727 3728
3728 587
574 3729
3729 3730
3730 588
575 3731
3731 3732
3732 576
575 3733
3733 3734
3734 589
576 3735
3735 3736
3736 577
576 3737
3737 3738
3738 590
577 3739
3739 3740
3740 578
577 3741
3741 3742
3742 591
578 3743
3743 3744
3744 579
578 3745
3745 3746
3746 592
579 3747
3747 3748
3748 580
579 3749
3749 3750
3750 593
580 3751
3751 3752
3752 581
580 3753
3753 3754
3754 594
581 3755
3755 3756
3756 582
581 3757
3757 3758
3758 595
582 3759
3759 3760
3760 583
582 3761
3761 3762
3762 596
583 3763
3763 3764
3764 584
583 3765
3765 3766
3766 597
584 3767
3767 3768
3768 585
584 3769
3769 3770
3770 598
585 3771
3771 3772
3772 586
585 3773
3773 3774
3774 599
586 3775
3775 3776
3776 587
586 3777
3777 3778
3778 600
587 3779
3779 3780
3780 588
587 3781
3781 3782
3782 601
588 3783
3783 3784
3784 602
588 3785
3785 3786
3786 603
589 3787
3787 3788
3788 590
589 3789
3789 3790
3790 604
590 3791
3791 3792
3792 591
590 3793
3793 3794
3794 605
591 3795
3795 3796
3796 592
591 3797
3797 3798
3798 606
592 3799
3799 3800
3800 593
592 3801
3801 3802
3802 607
593 3803
3803 3804
3804 594
593 3805
3805 3806
3806 608
594 3807
3807 3808
3808 595
594 3809
3809 3810
3810 609
595 3811
3811 3812
3812 596
595 3813
3813 3814
3814 610
596 3815
3815 3816
3816 597
596 3817
3817 3818
3818 611
597 3819
3819 3820
3820 598
597 3821
3821 3822
3822 612
598 3823
3823 3824
3824 599
598 3825
3825 3826
3826 613
599 3827
3827 3828
3828 600
599 3829
3829 3830
3830 614
600 3831
3831 3832
3832 601
600 3833
3833 3834
3834 615
601 3835
3835 3836
3836 602
601 3837
3837 3838
3838 616
602 3839
3839 3840
3840 603
602 3841
3841 3842
3842 617
603 3843
3843 3844
3844 618
603 3845
3845 3846
3846 619
604 3847
3847 3848
3848 605
604 3849
3849 3850
3850 620
605 3851
3851 3852
3852 606
605 3853
3853 3854
3854 621
606 3855
3855 3856
3856 607
606 3857
3857 3858
3858 622
607 3859
3859 3860
3860 608
607 3861
3861 3862
3862 623
608 3863
3863 3864
3864 609
608 3865
3865 3866
3866 624
609 3867
3867 3868
3868 610
609 3869
3869 3870
3870 625
610 3871
3871 3872
3872 611
610 3873
3873 3874
3874 626
611 3875
3875 3876
3876 612
611 3877
3877 3878
3878 627
612 3879
3879 3880
3880 613
612 3881
3881 3882
3882 628
613 3883
3883 3884
3884 614
613 3885
3885 3886
3886 629
614 3887
3887 3888
3888 615
614 3889
3889 3890
3890 630
615 3891
3891 3892
3892 616
615 3893
3893 3894
3894 631
616 3895
3895 3896
3896 617
616 3897
3897 3898
3898 632
617 3899
3899 3900
3900 618
617 3901
3901 3902
3902 633
618 3903
3903 3904
3904 619
618 3905
3905 3906
3906 634
619 3907
3907 3908
3908 635
619 3909
3909 3910
3910 636
620 3911
3911 3912
3912 621
620 3913
3913 3914
3914 637
621 3915
3915 3916
3916 622
621 3917
3917 3918
3918 638
622 3919
3919 3920
3920 623
622 3921
3921 3922
3922 639
623 3923
3923 3924
3924 624
623 3925
3925 3926
3926 640
624 3927
3927 3928
3928 625
624 3929
3929 3930
3930 641
625 3931
3931 3932
3932 626
625 3933
3933 3934
3934 642
626 3935
3935 3936
3936 627
626 3937
3937 3938
3938 643
627 3939
3939 3940
3940 628
627 3941
3941 3942
3942 644
628 3943
3943 3944
3944 629
628 3945
3945 3946
3946 645
629 3947
3947 3948
3948 630
629 3949
3949 3950
3950 646
630 3951
3951 3952
3952 631
630 3953
3953 3954
3954 647
631 3955
3955 3956
3956 632
631 3957
3957 3958
3958 648
632 3959
3959 3960
3960 633
632 3961
3961 3962
3962 649
633 3963
3963 3964
3964 634
633 3965
3965 3966
3966 650
634 3967
3967 3968
3968 635
634 3969
3969 3970
3970 651
635 3971
3971 3972
3972 636
635 3973
3973 3974
3974 652
636 3975
3975 3976
3976 653
636 3977
3977 3978
3978 654
637 3979
3979 3980
3980 638
637 3981
3981 3982
3982 655
638 3983
3983 3984
3984 639
638 3985
3985 3986
3986 656
639 3987
3987 3988
3988 640
639 3989
3989 3990
3990 657
640 3991
3991 3992
3992 641
640 3993
3993 3994
3994 658
641 3995
3995 3996
3996 642
641 3997
3997 3998
3998 659
642 3999
3999 4000
4000 643
642 4001
4001 4002
4002 660
643 4003
4003 4004
4004 644
643 4005
4005 4006
4006 661
644 4007
4007 4008
4008 645
644 4009
4009 4010
4010 662
645 4011
4011 4012
4012 646
645 4013
4013 4014
4014 663
646 4015
4015 4016
4016 647
646 4017
4017 4018
4018 664
647 4019
4019 4020
4020 648
647 4021
4021 4022
4022 665
648 4023
4023 4024
4024 649
648 4025
4025 4026
4026 666
649 4027
4027 4028
4028 650
649 4029
4029 4030
4030 667
650 4031
4031 4032
4032 651
650 4033
4033 4034
4034 668
651 4035
4035 4036
4036 652
651 4037
4037 4038
4038 669
652 4039
4039 4040
4040 653
652 4041
4041 4042
4042 670
653 4043
4043 4044
4044 654
653 4045
4045 4046
4046 671
654 4047
4047 4048
4048 672
654 4049
4049 4050
4050 673
655 4051
4051 4052
4052 656
655 4053
4053 4054
4054 674
656 4055
4055 4056
4056 657
656 4057
4057 4058
4058 675
657 4059
4059 4060
4060 658
657 4061
4061 4062
4062 676
658 4063
4063 4064
4064 659
658 4065
4065 4066
4066 677
659 4067
4067 4068
4068 660
659 4069
4069 4070
4070 678
660 4071
4071 4072
4072 661
660 4073
4073 4074
4074 679
661 4075
4075 4076
4076 662
661 4077
4077 4078
4078 680
662 4079
4079 4080
4080 663
662 4081
4081 4082
4082 681
663 4083
4083 4084
4084 664
663 4085
4085 4086
4086 682
664 4087
4087 4088
4088 665
664 4089
4089 4090
4090 683
665 4091
4091 4092
4092 666
665 4093
4093 4094
4094 684
666 4095
4095 4096
4096 667
666 4097
4097 4098
4098 685
667 4099
4099 4100
4100 668
667 4101
4101 4102
4102 686
668 4103
4103 4104
4104 669
668 4105
4105 4106
4106 687
669 4107
4107 4108
4108 670
669 4109
4109 4110
4110 688
670 4111
4111 4112
4112 671
670 4113
4113 4114
4114 689
671 4115
4115 4116
4116 672
671 4117
4117 4118
4118 690
672 4119
4119 4120
4120 673
672 4121
4121 4122
4122 691
673 4123
4123 4124
4124 692
673 4125
4125 4126
4126 693
674 4127
4127 4128
4128 675
674 4129
4129 4130
4130 694
675 4131
4131 4132
4132 676
675 4133
4133 4134
4134 695
676 4135
4135 4136
4136 677
676 4137
4137 4138
4138 696
677 4139
4139 4140
4140 678
677 4141
4141 4142
4142 697
678 4143
4143 4144
4144 679
678 4145
4145 4146
4146 698
679 4147
4147 4148
4148 680
679 4149
4149 4150
4150 699
680 4151
4151 4152
4152 681
680 4153
4153 4154
4154 700
681 4155
4155 4156
4156 682
681 4157
4157 4158
4158 701
682 4159
4159 4160
4160 683
682 4161
4161 4162
4162 702
683 4163
4163 4164
4164 684
683 4165
4165 4166
4166 703
684 4167
4167 4168
4168 685
684 4169
4169 4170
4170 704
685 4171
4171 4172
4172 686
685 4173
4173 4174
4174 705
686 4175
4175 4176
4176 687
686 4177
4177 4178
4178 706
687 4179
4179 4180
4180 688
687 4181
4181 4182
4182 707
688 4183
4183 4184
4184 689
688 4185
4185 4186
4186 708
689 4187
4187 4188
4188 690
689 4189
4189 4190
4190 709
690 4191
4191 4192
4192 691
690 4193
4193 4194
4194 710
691 4195
4195 4196
4196 692
691 4197
4197 4198
4198 711
692 4199
4199 4200
4200 693
692 4201
4201 4202
4202 712
693 4203
4203 4204
4204 713
693 4205
4205 4206
4206 714
694 4207
4207 4208
4208 695
694 4209
4209 4210
4210 905
695 4211
4211 4212
4212 696
695 4213
4213 4214
4214 886
696 4215
4215 4216
4216 697
696 4217
4217 4218
4218 868
697 4219
4219 4220
4220 698
697 4221
4221 4222
4222 851
698 4223
4223 4224
4224 699
698 4225
4225 4226
4226 835
699 4227
4227 4228
4228 700
699 4229
4229 4230
4230 820
700 4231
4231 4232
4232 701
700 4233
4233 4234
4234 806
701 4235
4235 4236
4236 702
701 4237
4237 4238
4238 793
702 4239
4239 4240
4240 703
702 4241
4241 4242
4242 781
703 4243
4243 4244
4244 704
703 4245
4245 4246
4246 770
704 4247
4247 4248
4248 705
704 4249
4249 4250
4250 760
705 4251
4251 4252
4252 706
705 4253
4253 4254
4254 751
706 4255
4255 4256
4256 707
706 4257
4257 4258
4258 743
707 4259
4259 4260
4260 708
707 4261
4261 4262
4262 736
708 4263
4263 4264
4264 709
708 4265
4265 4266
4266 730
709 4267
4267 4268
4268 710
709 4269
4269 4270
4270 725
710 4271
4271 4272
4272 711
710 4273
4273 4274
4274 721
711 4275
4275 4276
4276 712
711 4277
4277 4278
4278 718
712 4279
4279 4280
4280 713
712 4281
4281 4282
4282 716
713 4283
4283 4284
4284 714
713 4285
4285 4286
4286 715
714 4287
4287 4288
4288 715
715 4289
4289 4290
4290 716
715 4291
4291 4292
4292 717
716 4293
4293 4294
4294 717
716 4295
4295 4296
4296 718
717 4297
4297 4298
4298 719
717 4299
4299 4300
4300 720
718 4301
4301 4302
4302 719
718 4303
4303 4304
4304 721
719 4305
4305 4306
4306 720
719 4307
4307 4308
4308 722
720 4309
4309 4310
4310 723
720 4311
4311 4312
4312 724
721 4313
4313 4314
4314 722
721 4315
4315 4316
4316 725
722 4317
4317 4318
4318 723
722 4319
4319 4320
4320 726
723 4321
4321 4322
4322 724
723 4323
4323 4324
4324 727
724 4325
4325 4326
4326 728
724 4327
4327 4328
4328 729
725 4329
4329 4330
4330 726
725 4331
4331 4332
4332 730
726 4333
4333 4334
4334 727
726 4335
4335 4336
4336 731
727 4337
4337 4338
4338 728
727 4339
4339 4340
4340 732
728 4341
4341 4342
4342 729
728 4343
4343 4344
4344 733
729 4345
4345 4346
4346 734
729 4347
4347 4348
4348 735
730 4349
4349 4350
4350 731
730 4351
4351 4352
4352 736
731 4353
4353 4354
4354 732
731 4355
4355 4356
4356 737
732 4357
4357 4358
4358 733
732 4359
4359 4360
4360 738
733 4361
4361 4362
4362 734
733 4363
4363 4364
4364 739
734 4365
4365 4366
4366 735
734 4367
4367 4368
4368 740
735 4369
4369 4370
4370 741
735 4371
4371 4372
4372 742
736 4373
4373 4374
4374 737
736 4375
4375 4376
4376 743
737 4377
4377 4378
4378 738
737 4379
4379 4380
4380 744
738 4381
4381 4382
4382 739
738 4383
4383 4384
4384 745
739 4385
4385 4386
4386 740
739 4387
4387 4388
4388 746
740 4389
4389 4390
4390 741
740 4391
4391 4392
4392 747
741 4393
4393 4394
4394 742
741 4395
4395 4396
4396 748
742 4397
4397 4398
4398 749
742 4399
4399 4400
4400 750
743 4401
4401 4402
4402 744
743 4403
4403 4404
4404 751
744 4405
4405 4406
4406 745
744 4407
4407 4408
4408 752
745 4409
4409 4410
4410 746
745 4411
4411 4412
4412 753
746 4413
4413 4414
4414 747
746 4415
4415 4416
4416 754
747 4417
4417 4418
4418 748
747 4419
4419 4420
4420 755
748 4421
4421 4422
4422 749
748 4423
4423 4424
4424 756
749 4425
4425 4426
4426 750
749 4427
4427 4428
4428 757
750 4429
4429 4430
4430 758
750 4431
4431 4432
4432 759
751 4433
4433 4434
4434 752
751 4435
4435 4436
4436 760
752 4437
4437 4438
4438 753
752 4439
4439 4440
4440 761
753 4441
4441 4442
4442 754
753 4443
4443 4444
4444 762
754 4445
4445 4446
4446 755
754 4447
4447 4448
4448 763
755 4449
4449 4450
4450 756
755 4451
4451 4452
4452 764
756 4453
4453 4454
4454 757
756 4455
4455 4456
4456 765
757 4457
4457 4458
4458 758
757 4459
4459 4460
4460 766
758 4461
4461 4462
4462 759
758 4463
4463 4464
4464 767
759 4465
4465 4466
4466 768
759 4467
4467 4468
4468 769
760 4469
4469 4470
4470 761
760 4471
4471 4472
4472 770
761 4473
4473 4474
4474 762
761 4475
4475 4476
4476 771
762 4477
4477 4478
4478 763
762 4479
4479 4480
4480 772
763 4481
4481 4482
4482 764
763 4483
4483 4484
4484 773
764 4485
4485 4486
4486 765
764 4487
4487 4488
4488 774
765 4489
4489 4490
4490 766
765 4491
4491 4492
4492 775
766 4493
4493 4494
4494 767
766 4495
4495 4496
4496 776
767 4497
4497 4498
4498 768
767 4499
4499 4500
4500 777
768 4501
4501 4502
4502 769
768 4503
4503 4504
4504 778
769 4505
4505 4506
4506 779
769 4507
4507 4508
4508 780
770 4509
4509 4510
4510 771
770 4511
4511 4512
4512 781
771 4513
4513 4514
4514 772
771 4515
4515 4516
4516 782
772 4517
4517 4518
4518 773
772 4519
4519 4520
4520 783
773 4521
4521 4522
4522 774
773 4523
4523 4524
4524 784
774 4525
4525 4526
4526 775
774 4527
4527 4528
4528 785
775 4529
4529 4530
4530 776
775 4531
4531 4532
4532 786
776 4533
4533 4534
4534 777
776 4535
4535 4536
4536 787
777 4537
4537 4538
4538 778
777 4539
4539 4540
4540 788
778 4541
4541 4542
4542 779
778 4543
4543 4544
4544 789
779 4545
4545 4546
4546 780
779 4547
4547 4548
4548 790
780 4549
4549 4550
4550 791
780 4551
4551 4552
4552 792
781 4553
4553 4554
4554 782
781 4555
4555 4556
4556 793
782 4557
4557 4558
4558 783
782 4559
4559 4560
4560 794
783 4561
4561 4562
4562 784
783 4563
4563 4564
4564 795
784 4565
4565 4566
4566 785
784 4567
4567 4568
4568 796
785 4569
4569 4570
4570 786
785 4571
4571 4572
4572 797
786 4573
4573 4574
4574 787
786 4575
4575 4576
4576 798
787 4577
4577 4578
4578 788
787 4579
4579 4580
4580 799
788 4581
4581 4582
4582 789
788 4583
4583 4584
4584 800
789 4585
4585 4586
4586 790
789 4587
4587 4588
4588 801
790 4589
4589 4590
4590 791
790 4591
4591 4592
4592 802
791 4593
4593 4594
4594 792
791 4595
4595 4596
4596 803
792 4597
4597 4598
4598 804
792 4599
4599 4600
4600 805
793 4601
4601 4602
4602 794
793 4603
4603 4604
4604 806
794 4605
4605 4606
4606 795
794 4607
4607 4608
4608 807
795 4609
4609 4610
4610 796
795 4611
4611 4612
4612 808
796 4613
4613 4614
4614 797
796 4615
4615 4616
4616 809
797 4617
4617 4618
4618 798
797 4619
4619 4620
4620 810
798 4621
4621 4622
4622 799
798 4623
4623 4624
4624 811
799 4625
4625 4626
4626 800
799 4627
4627 4628
4628 812
800 4629
4629 4630
4630 801
800 4631
4631 4632
4632 813
801 4633
4633 4634
4634 802
801 4635
4635 4636
4636 814
802 4637
4637 4638
4638 803
802 4639
4639 4640
4640 815
803 4641
4641 4642
4642 804
803 4643
4643 4644
4644 816
804 4645
4645 4646
4646 805
804 4647
4647 4648
4648 817
805 4649
4649 4650
4650 818
805 4651
4651 4652
4652 819
806 4653
4653 4654
4654 807
806 4655
4655 4656
4656 820
807 4657
4657 4658
4658 808
807 4659
4659 4660
4660 821
808 4661
4661 4662
4662 809
808 4663
4663 4664
4664 822
809 4665
4665 4666
4666 810
809 4667
4667 4668
4668 823
810 4669
4669 4670
4670 811
810 4671
4671 4672
4672 824
811 4673
4673 4674
4674 812
811 4675
4675 4676
4676 825
812 4677
4677 4678
4678 813
812 4679
4679 4680
4680 826
813 4681
4681 4682
4682 814
813 4683
4683 4684
4684 827
814 4685
4685 4686
4686 815
814 4687
4687 4688
4688 828
815 4689
4689 4690
4690 816
815 4691
4691 4692
4692 829
816 4693
4693 4694
4694 817
816 4695
4695 4696
4696 830
817 4697
4697 4698
4698 818
817 4699
4699 4700
4700 831
818 4701
4701 4702
4702 819
818 4703
4703 4704
4704 832
819 4705
4705 4706
4706 833
819 4707
4707 4708
4708 834
820 4709
4709 4710
4710 821
820 4711
4711 4712
4712 835
821 4713
4713 4714
4714 822
821 4715
4715 4716
4716 836
822 4717
4717 4718
4718 823
822 4719
4719 4720
4720 837
823 4721
4721 4722
4722 824
823 4723
4723 4724
4724 838
824 4725
4725 4726
4726 825
824 4727
4727 4728
4728 839
825 4729
4729 4730
4730 826
825 4731
4731 4732
4732 840
826 4733
4733 4734
4734 827
826 4735
4735 4736
4736 841
827 4737
4737 4738
4738 828
827 4739
4739 4740
4740 842
828 4741
4741 4742
4742 829
828 4743
4743 4744
4744 843
829 4745
4745 4746
4746 830
829 4747
4747 4748
4748 844
830 4749
4749 4750
4750 831
830 4751
4751 4752
4752 845
831 4753
4753 4754
4754 832
831 4755
4755 4756
4756 846
832 4757
4757 4758
4758 833
832 4759
4759 4760
4760 847
833 4761
4761 4762
4762 834
833 4763
4763 4764
4764 848
834 4765
4765 4766
4766 849
834 4767
4767 4768
4768 850
835 4769
4769 4770
4770 836
835 4771
4771 4772
4772 851
836 4773
4773 4774
4774 837
836 4775
4775 4776
4776 852
837 4777
4777 4778
4778 838
837 4779
4779 4780
4780 853
838 4781
4781 4782
4782 839
838 4783
4783 4784
4784 854
839 4785
4785 4786
4786 840
839 4787
4787 4788
4788 855
840 4789
4789 4790
4790 841
840 4791
4791 4792
4792 856
841 4793
4793 4794
4794 842
841 4795
4795 4796
4796 857
842 4797
4797 4798
4798 843
842 4799
4799 4800
4800 858
843 4801
4801 4802
4802 844
843 4803
4803 4804
4804 859
844 4805
4805 4806
4806 845
844 4807
4807 4808
4808 860
845 4809
4809 4810
4810 846
845 4811
4811 4812
4812 861
846 4813
4813 4814
4814 847
846 4815
4815 4816
4816 862
847 4817
4817 4818
4818 848
847 4819
4819 4820
4820 863
848 4821
4821 4822
4822 849
848 4823
4823 4824
4824 864
849 4825
4825 4826
4826 850
849 4827
4827 4828
4828 865
850 4829
4829 4830
4830 866
850 4831
4831 4832
4832 867
851 4833
4833 4834
4834 852
851 4835
4835 4836
4836 868
852 4837
4837 4838
4838 853
852 4839
4839 4840
4840 869
853 4841
4841 4842
4842 854
853 4843
4843 4844
4844 870
854 4845
4845 4846
4846 855
854 4847
4847 4848
4848 871
855 4849
4849 4850
4850 856
855 4851
4851 4852
4852 872
856 4853
4853 4854
4854 857
856 4855
4855 4856
4856 873
857 4857
4857 4858
4858 858
857 4859
4859 4860
4860 874
858 4861
4861 4862
4862 859
858 4863
4863 4864
4864 875
859 4865
4865 4866
4866 860
859 4867
4867 4868
4868 876
860 4869
4869 4870
4870 861
860 4871
4871 4872
4872 877
861 4873
4873 4874
4874 862
861 4875
4875 4876
4876 878
862 4877
4877 4878
4878 863
862 4879
4879 4880
4880 879
863 4881
4881 4882
4882 864
863 4883
4883 4884
4884 880
864 4885
4885 4886
4886 865
864 4887
4887 4888
4888 881
865 4889
4889 4890
4890 866
865 4891
4891 4892
4892 882
866 4893
4893 4894
4894 867
866 4895
4895 4896
4896 883
867 4897
4897 4898
4898 884
867 4899
4899 4900
4900 885
868 4901
4901 4902
4902 869
868 4903
4903 4904
4904 886
869 4905
4905 4906
4906 870
869 4907
4907 4908
4908 887
870 4909
4909 4910
4910 871
870 4911
4911 4912
4912 888
871 4913
4913 4914
4914 872
871 4915
4915 4916
4916 889
872 4917
4917 4918
4918 873
872 4919
4919 4920
4920 890
873 4921
4921 4922
4922 874
873 4923
4923 4924
4924 891
874 4925
4925 4926
4926 875
874 4927
4927 4928
4928 892
875 4929
4929 4930
4930 876
875 4931
4931 4932
4932 893
876 4933
4933 4934
4934 877
876 4935
4935 4936
4936 894
877 4937
4937 4938
4938 878
877 4939
4939 4940
4940 895
878 4941
4941 4942
4942 879
878 4943
4943 4944
4944 896
879 4945
4945 4946
4946 880
879 4947
4947 4948
4948 897
880 4949
4949 4950
4950 881
880 4951
4951 4952
4952 898
881 4953
4953 4954
4954 882
881 4955
4955 4956
4956 899
882 4957
4957 4958
4958 883
882 4959
4959 4960
4960 900
883 4961
4961 4962
4962 884
883 4963
4963 4964
4964 901
884 4965
4965 4966
4966 885
884 4967
4967 4968
4968 902
885 4969
4969 4970
4970 903
885 4971
4971 4972
4972 904
886 4973
4973 4974
4974 887
886 4975
4975 4976
4976 905
887 4977
4977 4978
4978 888
887 4979
4979 4980
4980 906
888 4981
4981 4982
4982 889
888 4983
4983 4984
4984 907
889 4985
4985 4986
4986 890
889 4987
4987 4988
4988 908
890 4989
4989 4990
4990 891
890 4991
4991 4992
4992 909
891 4993
4993 4994
4994 892
891 4995
4995 4996
4996 910
892 4997
4997 4998
4998 893
892 4999
4999 5000
5000 911
893 5001
5001 5002
5002 894
893 5003
5003 5004
5004 912
894 5005
5005 5006
5006 895
894 5007
5007 5008
5008 913
895 5009
5009 5010
5010 896
895 5011
5011 5012
5012 914
896 5013
5013 5014
5014 897
896 5015
5015 5016
5016 915
897 5017
5017 5018
5018 898
897 5019
5019 5020
5020 916
898 5021
5021 5022
5022 899
898 5023
5023 5024
5024 917
899 5025
5025 5026
5026 900
899 5027
5027 5028
5028 918
900 5029
5029 5030
5030 901
900 5031
5031 5032
5032 919
901 5033
5033 5034
5034 902
901 5035
5035 5036
5036 920
902 5037
5037 5038
5038 903
902 5039
5039 5040
5040 921
903 5041
5041 5042
5042 904
903 5043
5043 5044
5044 922
904 5045
5045 5046
5046 923
904 5047
5047 5048
5048 924
905 5049
5049 5050
5050 906
905 5051
5051 5052
5052 925
906 5053
5053 5054
5054 907
906 5055
5055 5056
5056 926
907 5057
5057 5058
5058 908
907 5059
5059 5060
5060 927
908 5061
5061 5062
5062 909
908 5063
5063 5064
5064 928
909 5065
5065 5066
5066 910
909 5067
5067 5068
5068 929
910 5069
5069 5070
5070 911
910 5071
5071 5072
5072 930
911 5073
5073 5074
5074 912
911 5075
5075 5076
5076 931
912 5077
5077 5078
5078 913
912 5079
5079 5080
5080 932
913 5081
5081 5082
5082 914
913 5083
5083 5084
5084 933
914 5085
5085 5086
5086 915
914 5087
5087 5088
5088 934
915 5089
5089 5090
5090 916
915 5091
5091 5092
5092 935
916 5093
5093 5094
5094 917
916 5095
5095 5096
5096 936
917 5097
5097 5098
5098 918
917 5099
5099 5100
5100 937
918 5101
5101 5102
5102 919
918 5103
5103 5104
5104 938
919 5105
5105 5106
5106 920
919 5107
5107 5108
5108 939
920 5109
5109 5110
5110 921
920 5111
5111 5112
5112 940
921 5113
5113 5114
5114 922
921 5115
5115 5116
5116 941
922 5117
5117 5118
5118 923
922 5119
5119 5120
5120 942
923 5121
5121 5122
5122 924
923 5123
5123 5124
5124 943
924 5125
5125 5126
5126 944
924 5127
5127 5128
5128 945
925 5129
5129 5130
5130 926
925 5131
5131 5132
5132 1136
926 5133
5133 5134
5134 927
926 5135
5135 5136
5136 1117
927 5137
5137 5138
5138 928
927 5139
5139 5140
5140 1099
928 5141
5141 5142
5142 929
928 5143
5143 5144
5144 1082
929 5145
5145 5146
5146 930
929 5147
5147 5148
5148 1066
930 5149
5149 5150
5150 931
930 5151
5151 5152
5152 1051
931 5153
5153 5154
5154 932
931 5155
5155 5156
5156 1037
932 5157
5157 5158
5158 933
932 5159
5159 5160
5160 1024
933 5161
5161 5162
5162 934
933 5163
5163 5164
5164 1012
934 5165
5165 5166
5166 935
934 5167
5167 5168
5168 1001
935 5169
5169 5170
5170 936
935 5171
5171 5172
5172 991
936 5173
5173 5174
5174 937
936 5175
5175 5176
5176 982
937 5177
5177 5178
5178 938
937 5179
5179 5180
5180 974
938 5181
5181 5182
5182 939
938 5183
5183 5184
5184 967
939 5185
5185 5186
5186 940
939 5187
5187 5188
5188 961
940 5189
5189 5190
5190 941
940 5191
5191 5192
5192 956
941 5193
5193 5194
5194 942
941 5195
5195 5196
5196 952
942 5197
5197 5198
5198 943
942 5199
5199 5200
5200 949
943 5201
5201 5202
5202 944
943 5203
5203 5204
5204 947
944 5205
5205 5206
5206 945
944 5207
5207 5208
5208 946
945 5209
5209 5210
5210 946
946 5211
5211 5212
5212 947
946 5213
5213 5214
5214 948
947 5215
5215 5216
5216 948
947 5217
5217 5218
5218 949
948 5219
5219 5220
5220 950
948 5221
5221 5222
5222 951
949 5223
5223 5224
5224 950
949 5225
5225 5226
5226 952
950 5227
5227 5228
5228 951
950 5229
5229 5230
5230 953
951 5231
5231 5232
5232 954
951 5233
5233 5234
5234 955
952 5235
5235 5236
5236 953
952 5237
5237 5238
5238 956
953 5239
5239 5240
5240 954
953 5241
5241 5242
5242 957
954 5243
5243 5244
5244 955
954 5245
5245 5246
5246 958
955 5247
5247 5248
5248 959
955 5249
5249 5250
5250 960
956 5251
5251 5252
5252 957
956 5253
5253 5254
5254 961
957 5255
5255 5256
5256 958
957 5257
5257 5258
5258 962
958 5259
5259 5260
5260 959
958 5261
5261 5262
5262 963
959 5263
5263 5264
5264 960
959 5265
5265 5266
5266 964
960 5267
5267 5268
5268 965
960 5269
5269 5270
5270 966
961 5271
5271 5272
5272 962
961 5273
5273 5274
5274 967
962 5275
5275 5276
5276 963
962 5277
5277 5278
5278 968
963 5279
5279 5280
5280 964
963 5281
5281 5282
5282 969
964 5283
5283 5284
5284 965
964 5285
5285 5286
5286 970
965 5287
5287 5288
5288 966
965 5289
5289 5290
5290 971
966 5291
5291 5292
5292 972
966 5293
5293 5294
5294 973
967 5295
5295 5296
5296 968
967 5297
5297 5298
5298 974
968 5299
5299 5300
5300 969
968 5301
5301 5302
5302 975
969 5303
5303 5304
5304 970
969 5305
5305 5306
5306 976
970 5307
5307 5308
5308 971
970 5309
5309 5310
5310 977
971 5311
5311 5312
5312 972
971 5313
5313 5314
5314 978
972 5315
5315 5316
5316 973
972 5317
5317 5318
5318 979
973 5319
5319 5320
5320 980
973 5321
5321 5322
5322 981
974 5323
5323 5324
5324 975
974 5325
5325 5326
5326 982
975 5327
5327 5328
5328 976
975 5329
5329 5330
5330 983
976 5331
5331 5332
5332 977
976 5333
5333 5334
5334 984
977 5335
5335 5336
5336 978
977 5337
5337 5338
5338 985
978 5339
5339 5340
5340 979
978 5341
5341 5342
5342 986
979 5343
5343 5344
5344 980
979 5345
5345 5346
5346 987
980 5347
5347 5348
5348 981
980 5349
5349 5350
5350 988
981 5351
5351 5352
5352 989
981 5353
5353 5354
5354 990
982 5355
5355 5356
5356 983
982 5357
5357 5358
5358 991
983 5359
5359 5360
5360 984
983 5361
5361 5362
5362 992
984 5363
5363 5364
5364 985
984 5365
5365 5366
5366 993
985 5367
5367 5368
5368 986
985 5369
5369 5370
5370 994
986 5371
5371 5372
5372 987
986 5373
5373 5374
5374 995
987 5375
5375 5376
5376 988
987 5377
5377 5378
5378 996
988 5379
5379 5380
5380 989
988 5381
5381 5382
5382 997
989 5383
5383 5384
5384 990
989 5385
5385 5386
5386 998
990 5387
5387 5388
5388 999
990 5389
5389 5390
5390 1000
991 5391
5391 5392
5392 992
991 5393
5393 5394
5394 1001
992 5395
5395 5396
5396 993
992 5397
5397 5398
5398 1002
993 5399
5399 5400
5400 994
993 5401
5401 5402
5402 1003
994 5403
5403 5404
5404 995
994 5405
5405 5406
5406 1004
995 5407
5407 5408
5408 996
995 5409
5409 5410
5410 1005
996 5411
5411 5412
5412 997
996 5413
5413 5414
5414 1006
997 5415
5415 5416
5416 998
997 5417
5417 5418
5418 1007
998 5419
5419 5420
5420 999
998 5421
5421 5422
5422 1008
999 5423
5423 5424
5424 1000
999 5425
5425 5426
5426 1009
1000 5427
5427 5428
5428 1010
1000 5429
5429 5430
5430 1011
1001 5431
5431 5432
5432 1002
1001 5433
5433 5434
5434 1012
1002 5435
5435 5436
5436 1003
1002 5437
5437 5438
5438 1013
1003 5439
5439 5440
5440 1004
1003 5441
5441 5442
5442 1014
1004 5443
5443 5444
5444 1005
1004 5445
5445 5446
5446 1015
1005 5447
5447 5448
5448 1006
1005 5449
5449 5450
5450 1016
1006 5451
5451 5452
5452 1007
1006 5453
5453 5454
5454 1017
1007 5455
5455 5456
5456 1008
1007 5457
5457 5458
5458 1018
1008 5459
5459 5460
5460 1009
1008 5461
5461 5462
5462 1019
1009 5463
5463 5464
5464 1010
1009 5465
5465 5466
5466 1020
1010 5467
5467 5468
5468 1011
1010 5469
5469 5470
5470 1021
1011 5471
5471 5472
5472 1022
1011 5473
5473 5474
5474 1023
1012 5475
5475 5476
5476 1013
1012 5477
5477 5478
5478 1024
1013 5479
5479 5480
5480 1014
1013 5481
5481 5482
5482 1025
1014 5483
5483 5484
5484 1015
1014 5485
5485 5486
5486 1026
1015 5487
5487 5488
5488 1016
1015 5489
5489 5490
5490 1027
1016 5491
5491 5492
5492 1017
1016 5493
5493 5494
5494 1028
1017 5495
5495 5496
5496 1018
1017 5497
5497 5498
5498 1029
1018 5499
5499 5500
5500 1019
1018 5501
5501 5502
5502 1030
1019 5503
5503 5504
5504 1020
1019 5505
5505 5506
5506 1031
1020 5507
5507 5508
5508 1021
1020 5509
5509 5510
5510 1032
1021 5511
5511 5512
5512 1022
1021 5513
5513 5514
5514 1033
1022 5515
5515 5516
5516 1023
1022 5517
5517 5518
5518 1034
1023 5519
5519 5520
5520 1035
1023 5521
5521 5522
5522 1036
1024 5523
5523 5524
5524 1025
1024 5525
5525 5526
5526 1037
1025 5527
5527 5528
5528 1026
1025 5529
5529 5530
5530 1038
1026 5531
5531 5532
5532 1027
1026 5533
5533 5534
5534 1039
1027 5535
5535 5536
5536 1028
1027 5537
5537 5538
5538 1040
1028 5539
5539 5540
5540 1029
1028 5541
5541 5542
5542 1041
1029 5543
5543 5544
5544 1030
1029 5545
5545 5546
5546 1042
1030 5547
5547 5548
5548 1031
1030 5549
5549 5550
5550 1043
1031 5551
5551 5552
5552 1032
1031 5553
5553 5554
5554 1044
1032 5555
5555 5556
5556 1033
1032 5557
5557 5558
5558 1045
1033 5559
5559 5560
5560 1034
1033 5561
5561 5562
5562 1046
1034 5563
5563 5564
5564 1035
1034 5565
5565 5566
5566 1047
1035 5567
5567 5568
5568 1036
1035 5569
5569 5570
5570 1048
1036 5571
5571 5572
5572 1049
1036 5573
5573 5574
5574 1050
1037 5575
5575 5576
5576 1038
1037 5577
5577 5578
5578 1051
1038 5579
5579 5580
5580 1039
1038 5581
5581 5582
5582 1052
1039 5583
5583 5584
5584 1040
1039 5585
5585 5586
5586 1053
1040 5587
5587 5588
5588 1041
1040 5589
5589 5590
5590 1054
1041 5591
5591 5592
5592 1042
1041 5593
5593 5594
5594 1055
1042 5595
5595 5596
5596 1043
1042 5597
5597 5598
5598 1056
1043 5599
5599 5600
5600 1044
1043 5601
5601 5602
5602 1057
1044 5603
5603 5604
5604 1045
1044 5605
5605 5606
5606 1058
1045 5607
5607 5608
5608 1046
1045 5609
5609 5610
5610 1059
1046 5611
5611 5612
5612 1047
1046 5613
5613 5614
5614 1060
1047 5615
5615 5616
5616 1048
1047 5617
5617 5618
5618 1061
1048 5619
5619 5620
5620 1049
1048 5621
5621 5622
5622 1062
1049 5623
5623 5624
5624 1050
1049 5625
5625 5626
5626 1063
1050 5627
5627 5628
5628 1064
1050 5629
5629 5630
5630 1065
1051 5631
5631 5632
5632 1052
1051 5633
5633 5634
5634 1066
1052 5635
5635 5636
5636 1053
1052 5637
5637 5638
5638 1067
1053 5639
5639 5640
5640 1054
1053 5641
5641 5642
5642 1068
1054 5643
5643 5644
5644 1055
1054 5645
5645 5646
5646 1069
1055 5647
5647 5648
5648 1056
1055 5649
5649 5650
5650 1070
1056 5651
5651 5652
5652 1057
1056 5653
5653 5654
5654 1071
1057 5655
5655 5656
5656 1058
1057 5657
5657 5658
5658 1072
1058 5659
5659 5660
5660 1059
1058 5661
5661 5662
5662 1073
1059 5663
5663 5664
5664 1060
1059 5665
5665 5666
5666 1074
1060 5667
5667 5668
5668 1061
1060 5669
5669 5670
5670 1075
1061 5671
5671 5672
5672 1062
1061 5673
5673 5674
5674 1076
1062 5675
5675 5676
5676 1063
1062 5677
5677 5678
5678 1077
1063 5679
5679 5680
5680 1064
1063 5681
5681 5682
5682 1078
1064 5683
5683 5684
5684 1065
1064 5685
5685 5686
5686 1079
1065 5687
5687 5688
5688 1080
1065 5689
5689 5690
5690 1081
1066 5691
5691 5692
5692 1067
1066 5693
5693 5694
5694 1082
1067 5695
5695 5696
5696 1068
1067 5697
5697 5698
5698 1083
1068 5699
5699 5700
5700 1069
1068 5701
5701 5702
5702 1084
1069 5703
5703 5704
5704 1070
1069 5705
5705 5706
5706 1085
1070 5707
5707 5708
5708 1071
1070 5709
5709 5710
5710 1086
1071 5711
5711 5712
5712 1072
1071 5713
5713 5714
5714 1087
1072 5715
5715 5716
5716 1073
1072 5717
5717 5718
5718 1088
1073 5719
5719 5720
5720 1074
1073 5721
5721 5722
5722 1089
1074 5723
5723 5724
5724 1075
1074 5725
5725 5726
5726 1090
1075 5727
5727 5728
5728 1076
1075 5729
5729 5730
5730 1091
1076 5731
5731 5732
5732 1077
1076 5733
5733 5734
5734 1092
1077 5735
5735 5736
5736 1078
1077 5737
5737 5738
5738 1093
1078 5739
5739 5740
5740 1079
1078 5741
5741 5742
5742 1094
1079 5743
5743 5744
5744 1080
1079 5745
5745 5746
5746 1095
1080 5747
5747 5748
5748 1081
1080 5749
5749 5750
5750 1096
1081 5751
5751 5752
5752 1097
1081 5753
5753 5754
5754 1098
1082 5755
5755 5756
5756 1083
1082 5757
5757 5758
5758 1099
1083 5759
5759 5760
5760 1084
1083 5761
5761 5762
5762 1100
1084 5763
5763 5764
5764 1085
1084 5765
5765 5766
5766 1101
1085 5767
5767 5768
5768 1086
1085 5769
5769 5770
5770 1102
1086 5771
5771 5772
5772 1087
1086 5773
5773 5774
5774 1103
1087 5775
5775 5776
5776 1088
1087 5777
5777 5778
5778 1104
1088 5779
5779 5780
5780 1089
1088 5781
5781 5782
5782 1105
1089 5783
5783 5784
5784 1090
1089 5785
5785 5786
5786 1106
1090 5787
5787 5788
5788 1091
1090 5789
5789 5790
5790 1107
1091 5791
5791 5792
5792 1092
1091 5793
5793 5794
5794 1108
1092 5795
5795 5796
5796 1093
1092 5797
5797 5798
5798 1109
1093 5799
5799 5800
5800 1094
1093 5801
5801 5802
5802 1110
1094 5803
5803 5804
5804 1095
1094 5805
5805 5806
5806 1111
1095 5807
5807 5808
5808 1096
1095 5809
5809 5810
5810 1112
1096 5811
5811 5812
5812 1097
1096 5813
5813 5814
5814 1113
1097 5815
5815 5816
5816 1098
1097 5817
5817 5818
5818 1114
1098 5819
5819 5820
5820 1115
1098 5821
5821 5822
5822 1116
1099 5823
5823 5824
5824 1100
1099 5825
5825 5826
5826 1117
1100 5827
5827 5828
5828 1101
1100 5829
5829 5830
5830 1118
1101 5831
5831 5832
5832 1102
1101 5833
5833 5834
5834 1119
1102 5835
5835 5836
5836 1103
1102 5837
5837 5838
5838 1120
1103 5839
5839 5840
5840 1104
1103 5841
5841 5842
5842 1121
1104 5843
5843 5844
5844 1105
1104 5845
5845 5846
5846 1122
1105 5847
5847 5848
5848 1106
1105 5849
5849 5850
5850 1123
1106 5851
5851 5852
5852 1107
1106 5853
5853 5854
5854 1124
1107 5855
5855 5856
5856 1108
1107 5857
5857 5858
5858 1125
1108 5859
5859 5860
5860 1109
1108 5861
5861 5862
5862 1126
1109 5863
5863 5864
5864 1110
1109 5865
5865 5866
5866 1127
1110 5867
5867 5868
5868 1111
1110 5869
5869 5870
5870 1128
1111 5871
5871 5872
5872 1112
1111 5873
5873 5874
5874 1129
1112 5875
5875 5876
5876 1113
1112 5877
5877 5878
5878 1130
1113 5879
5879 5880
5880 1114
1113 5881
5881 5882
5882 1131
1114 5883
5883 5884
5884 1115
1114 5885
5885 5886
5886 1132
1115 5887
5887 5888
5888 1116
1115 5889
5889 5890
5890 1133
1116 5891
5891 5892
5892 1134
1116 5893
5893 5894
5894 1135
1117 5895
5895 5896
5896 1118
1117 5897
5897 5898
5898 1136
1118 5899
5899 5900
5900 1119
1118 5901
5901 5902
5902 1137
1119 5903
5903 5904
5904 1120
1119 5905
5905 5906
5906 1138
1120 5907
5907 5908
5908 1121
1120 5909
5909 5910
5910 1139
1121 5911
5911 5912
5912 1122
1121 5913
5913 5914
5914 1140
1122 5915
5915 5916
5916 1123
1122 5917
5917 5918
5918 1141
1123 5919
5919 5920
5920 1124
1123 5921
5921 5922
5922 1142
1124 5923
5923 5924
5924 1125
1124 5925
5925 5926
5926 1143
1125 5927
5927 5928
5928 1126
1125 5929
5929 5930
5930 1144
1126 5931
5931 5932
5932 1127
1126 5933
5933 5934
5934 1145
1127 5935
5935 5936
5936 1128
1127 5937
5937 5938
5938 1146
1128 5939
5939 5940
5940 1129
1128 5941
5941 5942
5942 1147
1129 5943
5943 5944
5944 1130
1129 5945
5945 5946
5946 1148
1130 5947
5947 5948
5948 1131
1130 5949
5949 5950
5950 1149
1131 5951
5951 5952
5952 1132
1131 5953
5953 5954
5954 1150
1132 5955
5955 5956
5956 1133
1132 5957
5957 5958
5958 1151
1133 5959
5959 5960
5960 1134
1133 5961
5961 5962
5962 1152
1134 5963
5963 5964
5964 1135
1134 5965
5965 5966
5966 1153
1135 5967
5967 5968
5968 1154
1135 5969
5969 5970
5970 1155
1136 5971
5971 5972
5972 1137
1136 5973
5973 5974
5974 1156
1137 5975
5975 5976
5976 1138
1137 5977
5977 5978
5978 1157
1138 5979
5979 5980
5980 1139
1138 5981
5981 5982
5982 1158
1139 5983
5983 5984
5984 1140
1139 5985
5985 5986
5986 1159
1140 5987
5987 5988
5988 1141
1140 5989
5989 5990
5990 1160
1141 5991
5991 5992
5992 1142
1141 5993
5993 5994
5994 1161
1142 5995
5995 5996
5996 1143
1142 5997
5997 5998
5998 1162
1143 5999
5999 6000
6000 1144
1143 6001
6001 6002
6002 1163
1144 6003
6003 6004
6004 1145
1144 6005
6005 6006
6006 1164
1145 6007
6007 6008
6008 1146
1145 6009
6009 6010
6010 1165
1146 6011
6011 6012
6012 1147
1146 6013
6013 6014
6014 1166
1147 6015
6015 6016
6016 1148
1147 6017
6017 6018
6018 1167
1148 6019
6019 6020
6020 1149
1148 6021
6021 6022
6022 1168
1149 6023
6023 6024
6024 1150
1149 6025
6025 6026
6026 1169
1150 6027
6027 6028
6028 1151
1150 6029
6029 6030
6030 1170
1151 6031
6031 6032
6032 1152
1151 6033
6033 6034
6034 1171
1152 6035
6035 6036
6036 1153
1152 6037
6037 6038
6038 1172
1153 6039
6039 6040
6040 1154
1153 6041
6041 6042
6042 1173
1154 6043
6043 6044
6044 1155
1154 6045
6045 6046
6046 1174
1155 6047
6047 6048
6048 1175
1155 6049
6049 6050
6050 1176
1156 6051
6051 6052
6052 1157
1156 6053
6053 6054
6054 1367
1157 6055
6055 6056
6056 1158
1157 6057
6057 6058
6058 1348
1158 6059
6059 6060
6060 1159
1158 6061
6061 6062
6062 1330
1159 6063
6063 6064
6064 1160
1159 6065
6065 6066
6066 1313
1160 6067
6067 6068
6068 1161
1160 6069
6069 6070
6070 1297
1161 6071
6071 6072
6072 1162
1161 6073
6073 6074
6074 1282
1162 6075
6075 6076
6076 1163
1162 6077
6077 6078
6078 1268
1163 6079
6079 6080
6080 1164
1163 6081
6081 6082
6082 1255
1164 6083
6083 6084
6084 1165
1164 6085
6085 6086
6086 1243
1165 6087
6087 6088
6088 1166
1165 6089
6089 6090
6090 1232
1166 6091
6091 6092
6092 1167
1166 6093
6093 6094
6094 1222
1167 6095
6095 6096
6096 1168
1167 6097
6097 6098
6098 1213
1168 6099
6099 6100
6100 1169
1168 6101
6101 6102
6102 1205
1169 6103
6103 6104
6104 1170
1169 6105
6105 6106
6106 1198
1170 6107
6107 6108
6108 1171
1170 6109
6109 6110
6110 1192
1171 6111
6111 6112
6112 1172
1171 6113
6113 6114
6114 1187
1172 6115
6115 6116
6116 1173
1172 6117
6117 6118
6118 1183
1173 6119
6119 6120
6120 1174
1173 6121
6121 6122
6122 1180
1174 6123
6123 6124
6124 1175
1174 6125
6125 6126
6126 1178
1175 6127
6127 6128
6128 1176
1175 6129
6129 6130
6130 1177
1176 6131
6131 6132
6132 1177
1177 6133
6133 6134
6134 1178
1177 6135
6135 6136
6136 1179
1178 6137
6137 6138
6138 1179
1178 6139
6139 6140
6140 1180
1179 6141
6141 6142
6142 1181
1179 6143
6143 6144
6144 1182
1180 6145
6145 6146
6146 1181
1180 6147
6147 6148
6148 1183
1181 6149
6149 6150
6150 1182
1181 6151
6151 6152
6152 1184
1182 6153
6153 6154
6154 1185
1182 6155
6155 6156
6156 1186
1183 6157
6157 6158
6158 1184
1183 6159
6159 6160
6160 1187
1184 6161
6161 6162
6162 1185
1184 6163
6163 6164
6164 1188
1185 6165
6165 6166
6166 1186
1185 6167
6167 6168
6168 1189
1186 6169
6169 6170
6170 1190
1186 6171
6171 6172
6172 1191
1187 6173
6173 6174
6174 1188
1187 6175
6175 6176
6176 1192
1188 6177
6177 6178
6178 1189
1188 6179
6179 6180
6180 1193
1189 6181
6181 6182
6182 1190
1189 6183
6183 6184
6184 1194
1190 6185
6185 6186
6186 1191
1190 6187
6187 6188
6188 1195
1191 6189
6189 6190
6190 1196
1191 6191
6191 6192
6192 1197
1192 6193
6193 6194
6194 1193
1192 6195
6195 6196
6196 1198
1193 6197
6197 6198
6198 1194
1193 6199
6199 6200
6200 1199
1194 6201
6201 6202
6202 1195
1194 6203
6203 6204
6204 1200
1195 6205
6205 6206
6206 1196
1195 6207
6207 6208
6208 1201
1196 6209
6209 6210
6210 1197
1196 6211
6211 6212
6212 1202
1197 6213
6213 6214
6214 1203
1197 6215
6215 6216
6216 1204
1198 6217
6217 6218
6218 1199
1198 6219
6219 6220
6220 1205
1199 6221
6221 6222
6222 1200
1199 6223
6223 6224
6224 1206
1200 6225
6225 6226
6226 1201
1200 6227
6227 6228
6228 1207
1201 6229
6229 6230
6230 1202
1201 6231
6231 6232
6232 1208
1202 6233
6233 6234
6234 1203
1202 6235
6235 6236
6236 1209
1203 6237
6237 6238
6238 1204
1203 6239
6239 6240
6240 1210
1204 6241
6241 6242
6242 1211
1204 6243
6243 6244
6244 1212
1205 6245
6245 6246
6246 1206
1205 6247
6247 6248
6248 1213
1206 6249
6249 6250
6250 1207
1206 6251
6251 6252
6252 1214
1207 6253
6253 6254
6254 1208
1207 6255
6255 6256
6256 1215
1208 6257
6257 6258
6258 1209
1208 6259
6259 6260
6260 1216
1209 6261
6261 6262
6262 1210
1209 6263
6263 6264
6264 1217
1210 6265
6265 6266
6266 1211
1210 6267
6267 6268
6268 1218
1211 6269
6269 6270
6270 1212
1211 6271
6271 6272
6272 1219
1212 6273
6273 6274
6274 1220
1212 6275
6275 6276
6276 1221
1213 6277
6277 6278
6278 1214
1213 6279
6279 6280
6280 1222
1214 6281
6281 6282
6282 1215
1214 6283
6283 6284
6284 1223
1215 6285
6285 6286
6286 1216
1215 6287
6287 6288
6288 1224
1216 6289
6289 6290
6290 1217
1216 6291
6291 6292
6292 1225
1217 6293
6293 6294
6294 1218
1217 6295
6295 6296
6296 1226
1218 6297
6297 6298
6298 1219
1218 6299
6299 6300
6300 1227
1219 6301
6301 6302
6302 1220
1219 6303
6303 6304
6304 1228
1220 6305
6305 6306
6306 1221
1220 6307
6307 6308
6308 1229
1221 6309
6309 6310
6310 1230
1221 6311
6311 6312
6312 1231
1222 6313
6313 6314
6314 1223
1222 6315
6315 6316
6316 1232
1223 6317
6317 6318
6318 1224
1223 6319
6319 6320
6320 1233
1224 6321
6321 6322
6322 1225
1224 6323
6323 6324
6324 1234
1225 6325
6325 6326
6326 1226
1225 6327
6327 6328
6328 1235
1226 6329
6329 6330
6330 1227
1226 6331
6331 6332
6332 1236
1227 6333
6333 6334
6334 1228
1227 6335
6335 6336
6336 1237
1228 6337
6337 6338
6338 1229
1228 6339
6339 6340
6340 1238
1229 6341
6341 6342
6342 1230
1229 6343
6343 6344
6344 1239
1230 6345
6345 6346
6346 1231
1230 6347
6347 6348
6348 1240
1231 6349
6349 6350
6350 1241
1231 6351
6351 6352
6352 1242
1232 6353
6353 6354
6354 1233
1232 6355
6355 6356
6356 1243
1233 6357
6357 6358
6358 1234
1233 6359
6359 6360
6360 1244
1234 6361
6361 6362
6362 1235
1234 6363
6363 6364
6364 1245
1235 6365
6365 6366
6366 1236
1235 6367
6367 6368
6368 1246
1236 6369
6369 6370
6370 1237
1236 6371
6371 6372
6372 1247
1237 6373
6373 6374
6374 1238
1237 6375
6375 6376
6376 1248
1238 6377
6377 6378
6378 1239
1238 6379
6379 6380
6380 1249
1239 6381
6381 6382
6382 1240
1239 6383
6383 6384
6384 1250
1240 6385
6385 6386
6386 1241
1240 6387
6387 6388
6388 1251
1241 6389
6389 6390
6390 1242
1241 6391
6391 6392
6392 1252
1242 6393
6393 6394
6394 1253
1242 6395
6395 6396
6396 1254
1243 6397
6397 6398
6398 1244
1243 6399
6399 6400
6400 1255
1244 6401
6401 6402
6402 1245
1244 6403
6403 6404
6404 1256
1245 6405
6405 6406
6406 1246
1245 6407
6407 6408
6408 1257
1246 6409
6409 6410
6410 1247
1246 6411
6411 6412
6412 1258
1247 6413
6413 6414
6414 1248
1247 6415
6415 6416
6416 1259
1248 6417
6417 6418
6418 1249
1248 6419
6419 6420
6420 1260
1249 6421
6421 6422
6422 1250
1249 6423
6423 6424
6424 1261
1250 6425
6425 6426
6426 1251
1250 6427
6427 6428
6428 1262
1251 6429
6429 6430
6430 1252
1251 6431
6431 6432
6432 1263
1252 6433
6433 6434
6434 1253
1252 6435
6435 6436
6436 1264
1253 6437
6437 6438
6438 1254
1253 6439
6439 6440
6440 1265
1254 6441
6441 6442
6442 1266
1254 6443
6443 6444
6444 1267
1255 6445
6445 6446
6446 1256
1255 6447
6447 6448
6448 1268
1256 6449
6449 6450
6450 1257
1256 6451
6451 6452
6452 1269
1257 6453
6453 6454
6454 1258
1257 6455
6455 6456
6456 1270
1258 6457
6457 6458
6458 1259
1258 6459
6459 6460
6460 1271
1259 6461
6461 6462
6462 1260
1259 6463
6463 6464
6464 1272
1260 6465
6465 6466
6466 1261
1260 6467
6467 6468
6468 1273
1261 6469
6469 6470
6470 1262
1261 6471
6471 6472
6472 1274
1262 6473
6473 6474
6474 1263
1262 6475
6475 6476
6476 1275
1263 6477
6477 6478
6478 1264
1263 6479
6479 6480
6480 1276
1264 6481
6481 6482
6482 1265
1264 6483
6483 6484
6484 1277
1265 6485
6485 6486
6486 1266
1265 6487
6487 6488
6488 1278
1266 6489
6489 6490
6490 1267
1266 6491
6491 6492
6492 1279
1267 6493
6493 6494
6494 1280
1267 6495
6495 6496
6496 1281
1268 6497
6497 6498
6498 1269
1268 6499
6499 6500
6500 1282
1269 6501
6501 6502
6502 1270
1269 6503
6503 6504
6504 1283
1270 6505
6505 6506
6506 1271
1270 6507
6507 6508
6508 1284
1271 6509
6509 6510
6510 1272
1271 6511
6511 6512
6512 1285
1272 6513
6513 6514
6514 1273
1272 6515
6515 6516
6516 1286
1273 6517
6517 6518
6518 1274
1273 6519
6519 6520
6520 1287
1274 6521
6521 6522
6522 1275
1274 6523
6523 6524
6524 1288
1275 6525
6525 6526
6526 1276
1275 6527
6527 6528
6528 1289
1276 6529
6529 6530
6530 1277
1276 6531
6531 6532
6532 1290
1277 6533
6533 6534
6534 1278
1277 6535
6535 6536
6536 1291
1278 6537
6537 6538
6538 1279
1278 6539
6539 6540
6540 1292
1279 6541
6541 6542
6542 1280
1279 6543
6543 6544
6544 1293
1280 6545
6545 6546
6546 1281
1280 6547
6547 6548
6548 1294
1281 6549
6549 6550
6550 1295
1281 6551
6551 6552
6552 1296
1282 6553
6553 6554
6554 1283
1282 6555
6555 6556
6556 1297
1283 6557
6557 6558
6558 1284
1283 6559
6559 6560
6560 1298
1284 6561
6561 6562
6562 1285
1284 6563
6563 6564
6564 1299
1285 6565
6565 6566
6566 1286
1285 6567
6567 6568
6568 1300
1286 6569
6569 6570
6570 1287
1286 6571
6571 6572
6572 1301
1287 6573
6573 6574
6574 1288
1287 6575
6575 6576
6576 1302
1288 6577
6577 6578
6578 1289
1288 6579
6579 6580
6580 1303
1289 6581
6581 6582
6582 1290
1289 6583
6583 6584
6584 1304
1290 6585
6585 6586
6586 1291
1290 6587
6587 6588
6588 1305
1291 6589
6589 6590
6590 1292
1291 6591
6591 6592
6592 1306
1292 6593
6593 6594
6594 1293
1292 6595
6595 6596
6596 1307
1293 6597
6597 6598
6598 1294
1293 6599
6599 6600
6600 1308
1294 6601
6601 6602
6602 1295
1294 6603
6603 6604
6604 1309
1295 6605
6605 6606
6606 1296
1295 6607
6607 6608
6608 1310
1296 6609
6609 6610
6610 1311
1296 6611
6611 6612
6612 1312
1297 6613
6613 6614
6614 1298
1297 6615
6615 6616
6616 1313
1298 6617
6617 6618
6618 1299
1298 6619
6619 6620
6620 1314
1299 6621
6621 6622
6622 1300
1299 6623
6623 6624
6624 1315
1300 6625
6625 6626
6626 1301
1300 6627
6627 6628
6628 1316
1301 6629
6629 6630
6630 1302
1301 6631
6631 6632
6632 1317
1302 6633
6633 6634
6634 1303
1302 6635
6635 6636
6636 1318
1303 6637
6637 6638
6638 1304
1303 6639
6639 6640
6640 1319
1304 6641
6641 6642
6642 1305
1304 6643
6643 6644
6644 1320
1305 6645
6645 6646
6646 1306
1305 6647
6647 6648
6648 1321
1306 6649
6649 6650
6650 1307
1306 6651
6651 6652
6652 1322
1307 6653
6653 6654
6654 1308
1307 6655
6655 6656
6656 1323
1308 6657
6657 6658
6658 1309
1308 6659
6659 6660
6660 1324
1309 6661
6661 6662
6662 1310
1309 6663
6663 6664
6664 1325
1310 6665
6665 6666
6666 1311
1310 6667
6667 6668
6668 1326
1311 6669
6669 6670
6670 1312
1311 6671
6671 6672
6672 1327
1312 6673
6673 6674
6674 1328
1312 6675
6675 6676
6676 1329
1313 6677
6677 6678
6678 1314
1313 6679
6679 6680
6680 1330
1314 6681
6681 6682
6682 1315
1314 6683
6683 6684
6684 1331
1315 6685
6685 6686
6686 1316
1315 6687
6687 6688
6688 1332
1316 6689
6689 6690
6690 1317
1316 6691
6691 6692
6692 1333
1317 6693
6693 6694
6694 1318
1317 6695
6695 6696
6696 1334
1318 6697
6697 6698
6698 1319
1318 6699
6699 6700
6700 1335
1319 6701
6701 6702
6702 1320
1319 6703
6703 6704
6704 1336
1320 6705
6705 6706
6706 1321
1320 6707
6707 6708
6708 1337
1321 6709
6709 6710
6710 1322
1321 6711
6711 6712
6712 1338
1322 6713
6713 6714
6714 1323
1322 6715
6715 6716
6716 1339
1323 6717
6717 6718
6718 1324
1323 6719
6719 6720
6720 1340
1324 6721
6721 6722
6722 1325
1324 6723
6723 6724
6724 1341
1325 6725
6725 6726
6726 1326
1325 6727
6727 6728
6728 1342
1326 6729
6729 6730
6730 1327
1326 6731
6731 6732
6732 1343
1327 6733
6733 6734
6734 1328
1327 6735
6735 6736
6736 1344
1328 6737
6737 6738
6738 1329
1328 6739
6739 6740
6740 1345
1329 6741
6741 6742
6742 1346
1329 6743
6743 6744
6744 1347
1330 6745
6745 6746
6746 1331
1330 6747
6747 6748
6748 1348
1331 6749
6749 6750
6750 1332
1331 6751
6751 6752
6752 1349
1332 6753
6753 6754
6754 1333
1332 6755
6755 6756
6756 1350
1333 6757
6757 6758
6758 1334
1333 6759
6759 6760
6760 1351
1334 6761
6761 6762
6762 1335
1334 6763
6763 6764
6764 1352
1335 6765
6765 6766
6766 1336
1335 6767
6767 6768
6768 1353
1336 6769
6769 6770
6770 1337
1336 6771
6771 6772
6772 1354
1337 6773
6773 6774
6774 1338
1337 6775
6775 6776
6776 1355
1338 6777
6777 6778
6778 1339
1338 6779
6779 6780
6780 1356
1339 6781
6781 6782
6782 1340
1339 6783
6783 6784
6784 1357
1340 6785
6785 6786
6786 1341
1340 6787
6787 6788
6788 1358
1341 6789
6789 6790
6790 1342
1341 6791
6791 6792
6792 1359
1342 6793
6793 6794
6794 1343
1342 6795
6795 6796
6796 1360
1343 6797
6797 6798
6798 1344
1343 6799
6799 6800
6800 1361
1344 6801
6801 6802
6802 1345
1344 6803
6803 6804
6804 1362
1345 6805
6805 6806
6806 1346
1345 6807
6807 6808
6808 1363
1346 6809
6809 6810
6810 1347
1346 6811
6811 6812
6812 1364
1347 6813
6813 6814
6814 1365
1347 6815
6815 6816
6816 1366
1348 6817
6817 6818
6818 1349
1348 6819
6819 6820
6820 1367
1349 6821
6821 6822
6822 1350
1349 6823
6823 6824
6824 1368
1350 6825
6825 6826
6826 1351
1350 6827
6827 6828
6828 1369
1351 6829
6829 6830
6830 1352
1351 6831
6831 6832
6832 1370
1352 6833
6833 6834
6834 1353
1352 6835
6835 6836
6836 1371
1353 6837
6837 6838
6838 1354
1353 6839
6839 6840
6840 1372
1354 6841
6841 6842
6842 1355
1354 6843
6843 6844
6844 1373
1355 6845
6845 6846
6846 1356
1355 6847
6847 6848
6848 1374
1356 6849
6849 6850
6850 1357
1356 6851
6851 6852
6852 1375
1357 6853
6853 6854
6854 1358
1357 6855
6855 6856
6856 1376
1358 6857
6857 6858
6858 1359
1358 6859
6859 6860
6860 1377
1359 6861
6861 6862
6862 1360
1359 6863
6863 6864
6864 1378
1360 6865
6865 6866
6866 1361
1360 6867
6867 6868
6868 1379
1361 6869
6869 6870
6870 1362
1361 6871
6871 6872
6872 1380
1362 6873
6873 6874
6874 1363
1362 6875
6875 6876
6876 1381
1363 6877
6877 6878
6878 1364
1363 6879
6879 6880
6880 1382
1364 6881
6881 6882
6882 1365
1364 6883
6883 6884
6884 1383
1365 6885
6885 6886
6886 1366
1365 6887
6887 6888
6888 1384
1366 6889
6889 6890
6890 1385
1366 6891
6891 6892
6892 1386
1367 6893
6893 6894
6894 1368
1368 6895
6895 6896
6896 1369
1369 6897
6897 6898
6898 1370
1370 6899
6899 6900
6900 1371
1371 6901
6901 6902
6902 1372
1372 6903
6903 6904
6904 1373
1373 6905
6905 6906
6906 1374
1374 6907
6907 6908
6908 1375
1375 6909
6909 6910
6910 1376
1376 6911
6911 6912
6912 1377
1377 6913
6913 6914
6914 1378
1378 6915
6915 6916
6916 1379
1379 6917
6917 6918
6918 1380
1380 6919
6919 6920
6920 1381
1381 6921
6921 6922
6922 1382
1382 6923
6923 6924
6924 1383
1383 6925
6925 6926
6926 1384
1384 6927
6927 6928
6928 1385
1385 6929
6929 6930
6930 1386
6931 6932
6932 6933
6933 6934
6934 6935
6935 6936
6936 6937
6937 6938
6938 6939
6939 6940
6940 6941
6941 6942
6942 6943
6943 6944
6944 6945
6945 6946
6946 6947
6947 6948
6948 6949
6949 6950
6950 6951
6951 6952
6952 6953
6953 6954
6954 6955
6955 6956
6956 6957
6957 6958
6958 6959
6959 6960
6960 6961
6961 6962
6962 6963
6963 6964
6964 6965
6965 6966
6966 6967
6967 6968
6968 6969
6969 6970
6970 6971
6971 6972
6972 6973
6973 6974
6974 6975
6975 6976
6976 6977
6977 6978
6978 6979
6979 6980
6980 6981
6981 6982
6982 6983
6983 6984
6984 6985
6985 6986
6986 6987
6987 6988
6988 6989
6989 6990
6990 6991
6991 6992
6992 6993
6993 6994
6995 6996
6996 6997
6997 6998
6998 6999
6999 7000
7000 7001
7001 7002
7002 7003
7003 7004
7004 7005
7005 7006
7006 7007
7007 7008
7008 7009
7009 7010
7010 7011
7011 7012
7012 7013
7013 7014
7014 7015
7015 7016
7016 7017
7017 7018
7018 7019
7019 7020
7020 7021
7021 7022
7022 7023
7023 7024
7024 7025
7025 7026
7026 7027
7027 7028
7028 7029
7029 7030
7030 7031
7031 7032
7032 7033
7033 7034
7034 7035
7035 7036
7036 7037
7037 7038
7038 7039
7039 7040
7040 7041
7041 7042
7042 7043
7043 7044
7044 7045
7045 7046
7046 7047
7047 7048
7048 7049
7049 7050
7050 7051
7051 7052
7052 7053
7053 7054
7054 7055
7055 7056
7056 7057
7057 7058
7059 7060
7060 7061
7061 7062
7062 7063
7063 7064
7064 7065
7065 7066
7066 7067
7067 7068
7068 7069
7069 7070
7070 7071
7071 7072
7072 7073
7073 7074
7074 7075
7075 7076
7076 7077
7077 7078
7078 7079
7079 7080
7080 7081
7081 7082
7082 7083
7083 7084
7084 7085
7085 7086
7086 7087
7087 7088
7088 7089
7089 7090
7090 7091
7091 7092
7092 7093
7093 7094
7094 7095
7095 7096
7096 7097
7097 7098
7098 7099
7099 7100
7100 7101
7101 7102
7102 7103
7103 7104
7104 7105
7105 7106
7106 7107
7107 7108
7108 7109
7109 7110
7110 7111
7111 7112
7112 7113
7113 7114
7114 7115
7115 7116
7116 7117
7117 7118
7118 7119
7119 7120
7120 7121
7121 7122
7123 7124
7124 7125
7125 7126
7126 7127
7127 7128
7128 7129
7129 7130
7130 7131
7131 7132
7132 7133
7133 7134
7134 7135
7135 7136
7136 7137
7137 7138
7138 7139
7139 7140
7140 7141
7141 7142
7142 7143
7143 7144
7144 7145
7145 7146
7146 7147
7147 7148
7148 7149
7149 7150
7150 7151
7151 7152
7152 7153
7153 7154
7154 7155
7155 7156
7156 7157
7157 7158
7158 7159
7159 7160
7160 7161
7161 7162
7162 7163
7163 7164
7164 7165
7165 7166
7166 7167
7167 7168
7168 7169
7169 7170
7170 7171
7171 7172
7172 7173
7173 7174
7174 7175
7175 7176
7176 7177
7177 7178
7178 7179
7179 7180
7180 7181
7181 7182
7182 7183
7183 7184
7184 7185
7185 7186
7187 7188
7188 7189
7189 7190
7190 7191
7191 7192
7192 7193
7193 7194
7194 7195
7195 7196
7196 7197
7197 7198
7198 7199
7199 7200
7200 7201
7201 7202
7202 7203
7203 7204
7204 7205
7205 7206
7206 7207
7207 7208
7208 7209
7209 7210
7210 7211
7211 7212
7212 7213
7213 7214
7214 7215
7215 7216
7216 7217
7217 7218
7218 7219
7219 7220
7220 7221
7221 7222
7222 7223
7223 7224
7224 7225
7225 7226
7226 7227
7227 7228
7228 7229
7229 7230
7230 7231
7231 7232
7232 7233
7233 7234
7234 7235
7235 7236
7236 7237
7237 7238
7238 7239
7239 7240
7240 7241
7241 7242
7242 7243
7243 7244
7244 7245
7245 7246
7246 7247
7247 7248
7248 7249
7249 7250
7251 7252
7252 7253
7253 7254
7254 7255
7255 7256
7256 7257
7257 7258
7258 7259
7259 7260
7260 7261
7261 7262
7262 7263
7263 7264
7264 7265
7265 7266
7266 7267
7267 7268
7268 7269
7269 7270
7270 7271
7271 7272
7272 7273
7273 7274
7274 7275
7275 7276
7276 7277
7277 7278
7278 7279
7279 7280
7280 7281
7281 7282
7282 7283
7283 7284
7284 7285
7285 7286
7286 7287
7287 7288
7288 7289
7289 7290
7290 7291
7291 7292
7292 7293
7293 7294
7294 7295
7295 7296
7296 7297
7297 7298
7298 7299
7299 7300
7300 7301
7301 7302
7302 7303
7303 7304
7304 7305
7305 7306
7306 7307
7307 7308
7308 7309
7309 7310
7310 7311
7311 7312
7312 7313
7313 7314
