0 0 0
0.1 0 0
0.2 0 0
0.3 0 0
0.4 0 0
0.5 0 0
0.6 0 0
0.05 0.0866025 0
0.15 0.0866025 0
0.25 0.0866025 0
0.35 0.0866025 0
0.45 0.0866025 0
0.55 0.0866025 0
0 0.173205 0
0.1 0.173205 0
0.2 0.173205 0
0.3 0.173205 0
0.4 0.173205 0
0.5 0.173205 0
0.6 0.173205 0
0.05 0.259808 0
0.15 0.259808 0
0.25 0.259808 0
0.35 0.259808 0
0.45 0.259808 0
0.55 0.259808 0
0 0.34641 0
0.1 0.34641 0
0.2 0.34641 0
0.3 0.34641 0
0.4 0.34641 0
0.5 0.34641 0
0.6 0.34641 0
0.05 0.433013 0
0.15 0.433013 0
0.25 0.433013 0
0.35 0.433013 0
0.45 0.433013 0
0.55 0.433013 0
0 0.519615 0
0.1 0.519615 0
0.2 0.519615 0
0.3 0.519615 0
0.4 0.519615 0
0.5 0.519615 0
0.6 0.519615 0
0.05 0.606218 0
0.15 0.606218 0
0.25 0.606218 0
0.35 0.606218 0
0.45 0.606218 0
0.55 0.606218 0
0 0.69282 0
0.1 0.69282 0
0.2 0.69282 0
0.3 0.69282 0
0.4 0.69282 0
0.5 0.69282 0
0.6 0.69282 0
0.05 0.779423 0
0.15 0.779423 0
0.25 0.779423 0
0.35 0.779423 0
0.45 0.779423 0
0.55 0.779423 0
0 0.866025 0
0.1 0.866025 0
0.2 0.866025 0
0.3 0.866025 0
0.4 0.866025 0
0.5 0.866025 0
0.6 0.866025 0
0.05 0.952628 0
0.15 0.952628 0
0.25 0.952628 0
0.35 0.952628 0
0.45 0.952628 0
0.55 0.952628 0
0 1.03923 0
0.1 1.03923 0
0.2 1.03923 0
0.3 1.03923 0
0.4 1.03923 0
0.5 1.03923 0
0.6 1.03923 0
